2
25
5
7
11
13
28
29
35
24
13
21
9
12
36
7
1
31
0
25
9
4
17
0
15
6
34
1
5
21
18
23
15
4
13
31
5
3
23
15
10
11
15
10
35
11
0
19
28
16
4
17
20
36
14
12
9
6
4
35
20
30
2
34
17
11
29
33
34
34
12
1
11
11
24
21
33
31
27
13
4
8
8
23
3
29
17
9
35
22
5
5
18
21
3
10
12
19
22
33
10
5
27
36
0
14
10
21
28
12
6
19
21
15
34
25
15
30
31
31
31
5
16
14
36
12
29
36
18
33
30
10
6
25
22
8
15
8
12
14
35
7
22
30
18
21
26
9
14
8
30
12
28
17
10
12
29
9
25
29
23
35
22
28
8
17
13
20
2
30
21
16
7
23
19
22
21
10
27
13
34
23
2
36
1
7
34
17
3
6
24
18
9
19
20
6
