13
32
26
27
27
22
23
20
22
10
33
6
1
0
15
15
6
33
15
29
35
29
16
22
31
28
10
24
16
10
5
21
27
2
26
25
26
25
21
25
15
11
24
34
31
30
15
3
6
8
6
21
4
28
11
7
35
28
27
36
17
0
6
21
5
20
22
27
24
35
16
0
27
6
11
1
29
1
15
29
12
4
15
18
26
28
6
28
22
30
31
36
18
28
19
36
17
24
21
5
35
20
28
25
1
8
15
5
33
8
20
23
20
16
16
7
28
26
16
10
36
5
34
18
20
0
15
27
4
26
6
11
15
2
34
26
19
10
36
10
15
32
32
16
17
25
28
24
2
36
4
33
33
17
17
32
3
23
15
5
36
11
22
27
35
29
30
36
32
20
7
13
16
12
12
27
32
15
3
12
28
1
6
25
22
3
27
14
13
0
6
33
18
2
24
18
36
