37
23
6
3
31
11
4
17
6
7
28
35
13
9
13
19
16
5
16
5
10
12
31
32
18
18
0
3
4
18
3
19
24
13
20
5
5
24
5
4
8
25
22
12
26
28
7
16
12
13
34
25
12
21
34
25
6
1
4
7
21
14
28
36
7
25
30
26
2
18
5
7
9
3
16
20
5
17
2
24
21
4
24
27
3
24
4
15
4
31
14
33
11
36
27
7
0
16
17
14
19
1
0
36
31
21
16
4
35
33
20
1
36
0
12
8
8
15
33
13
28
8
35
8
26
18
30
36
7
21
22
24
12
23
0
22
36
33
4
27
25
27
12
10
9
27
14
8
27
26
18
7
4
15
35
32
36
29
22
28
21
1
12
35
34
2
9
32
17
31
36
0
29
17
28
6
24
14
19
17
3
0
6
26
35
27
20
11
11
0
4
3
24
28
8
13
24
