37
33
18
27
12
30
29
33
28
3
29
28
32
26
5
1
0
23
19
3
33
27
34
9
34
17
14
28
21
33
14
5
32
19
31
23
2
24
12
34
31
5
7
17
25
17
3
19
21
35
20
4
6
18
5
30
31
19
22
35
8
18
15
4
33
8
14
26
13
15
15
18
5
9
26
19
24
25
30
17
27
3
36
19
33
2
30
31
10
33
32
12
21
33
36
30
6
6
13
11
29
23
24
7
6
16
23
15
35
14
18
9
22
36
17
32
12
27
1
25
8
5
23
8
12
19
18
29
27
24
20
4
12
10
9
6
11
35
1
4
7
28
30
14
1
22
28
2
26
25
36
5
16
28
17
3
16
26
36
0
6
27
7
29
19
22
13
10
0
23
14
32
14
26
23
19
1
8
29
19
7
18
10
10
25
24
13
34
0
36
14
24
2
30
22
19
1
30
