26
36
3
32
9
18
5
24
5
5
11
24
28
25
25
28
3
30
2
0
2
36
4
15
11
34
7
33
32
21
33
36
29
15
33
25
4
25
30
0
0
1
34
26
23
1
36
5
5
19
35
32
31
29
27
23
10
8
4
13
1
30
20
13
10
36
22
21
25
2
35
4
32
8
11
3
26
28
8
0
8
7
29
34
25
12
1
25
16
17
18
8
19
5
4
3
16
26
13
19
9
36
23
18
34
4
26
6
14
23
28
35
31
17
21
26
23
31
23
6
23
8
2
6
29
19
19
32
29
19
5
16
4
21
23
31
36
11
23
22
2
24
22
31
25
34
32
4
34
24
24
24
0
31
27
15
36
0
11
25
35
22
17
22
22
24
13
20
35
12
32
36
27
8
6
13
28
27
4
12
2
16
16
15
24
18
22
17
30
35
8
16
32
25
26
33
