37
7
23
19
12
10
30
31
17
27
7
34
10
1
14
9
3
16
8
11
24
18
8
8
17
0
16
23
14
30
13
26
33
28
11
22
18
5
31
27
10
12
21
20
17
28
5
26
35
19
19
0
35
19
6
21
1
6
12
22
24
22
20
23
10
34
32
4
12
28
33
30
10
14
12
18
33
18
7
27
27
16
29
19
22
10
20
20
10
2
35
2
14
10
8
0
16
26
33
10
5
22
9
34
12
6
27
8
25
13
19
12
8
28
6
19
28
0
29
20
33
28
10
8
5
31
33
26
15
7
32
26
11
0
21
2
8
8
8
19
29
20
2
5
35
13
6
29
17
27
23
0
14
33
15
8
36
18
0
15
1
31
14
14
36
32
29
5
4
4
28
10
17
29
6
25
31
18
2
25
31
10
19
35
31
27
25
5
11
7
16
25
4
11
21
14
26
28
8
27
