37
13
1
15
19
6
9
24
4
9
14
3
18
6
29
9
32
3
14
16
15
15
36
24
10
1
2
28
23
30
14
32
13
10
34
33
23
30
7
1
35
14
20
28
1
31
31
17
15
19
2
7
27
7
31
8
1
15
26
8
25
5
4
23
30
0
34
10
32
24
29
16
11
7
29
30
17
17
32
11
2
21
15
32
2
10
34
7
6
6
18
34
36
1
0
32
24
21
20
29
28
27
31
11
16
4
8
23
0
28
33
25
4
36
28
7
15
22
18
0
10
22
4
28
19
14
3
17
31
35
11
1
2
1
29
2
19
12
7
5
3
23
25
28
4
28
19
21
29
32
18
16
27
24
5
20
33
17
29
10
15
31
31
16
16
35
20
19
34
9
23
3
21
18
5
5
35
31
1
29
32
4
33
35
31
25
2
19
34
21
32
16
2
31
27
0
2
5
9
5
