0
6
4
32
27
2
22
35
36
26
23
36
20
24
14
20
6
18
14
25
12
12
35
31
0
25
27
32
29
13
0
15
28
36
10
23
21
21
27
9
16
21
25
34
14
4
33
3
5
15
2
28
19
9
8
21
16
22
18
1
11
34
7
13
10
4
19
5
28
18
18
27
27
25
7
25
31
27
12
31
36
11
21
34
11
37
23
26
21
24
5
7
24
8
26
5
0
7
32
22
16
20
34
1
36
15
2
2
15
33
25
14
36
16
12
30
23
25
18
7
36
12
33
32
8
17
2
19
13
17
22
27
6
21
23
15
12
2
27
13
31
32
31
13
34
14
23
5
3
8
25
1
34
26
14
0
7
21
32
19
26
10
1
27
6
20
19
16
24
10
27
8
7
34
15
29
22
5
25
31
19
2
0
36
13
0
36
9
30
22
4
31
0
18
9
