17
27
32
5
11
34
0
25
19
10
11
20
0
34
11
23
8
30
8
7
36
9
21
7
5
17
31
11
3
35
36
6
23
25
26
21
18
13
16
1
22
25
31
17
14
35
29
6
3
28
5
35
14
33
18
36
5
35
12
18
7
30
20
0
24
5
24
26
25
36
23
13
35
2
17
27
12
21
32
17
34
0
20
29
27
9
33
18
25
29
5
10
8
0
19
29
3
12
6
23
26
29
16
31
29
23
33
11
17
16
25
29
14
36
28
10
26
7
1
2
10
1
11
14
5
6
5
14
17
1
23
10
3
31
8
4
29
13
8
16
28
4
14
1
21
32
9
34
22
33
27
10
5
14
15
3
27
2
17
6
33
3
11
9
35
35
23
5
25
31
30
6
3
14
22
7
8
26
5
10
6
27
27
33
18
1
29
11
32
29
32
31
14
0
27
29
10
7
19
