10
13
19
13
22
32
20
28
18
9
35
4
9
6
8
35
32
10
19
18
0
9
28
29
12
17
1
17
19
29
5
5
19
27
33
0
3
26
3
3
9
18
7
2
15
5
14
10
28
15
27
14
35
13
25
24
12
10
7
30
1
31
16
33
3
18
0
15
35
31
10
30
36
5
28
2
8
21
2
34
22
18
24
9
8
27
0
13
30
2
20
21
17
29
2
24
11
24
3
8
3
23
6
31
3
19
7
16
27
0
26
1
7
11
14
10
14
9
24
7
16
26
30
25
0
33
11
25
0
28
22
18
21
9
6
28
29
1
17
8
16
13
1
11
2
0
34
30
6
36
25
12
16
20
29
8
16
11
6
33
30
26
28
12
4
22
34
18
32
25
10
24
18
19
9
34
23
1
17
24
9
19
29
16
27
14
10
27
9
6
22
11
15
24
36
11
29
21
24
28
