9
0
19
35
34
3
13
30
3
0
14
4
3
0
8
5
26
11
28
22
23
36
3
7
2
27
27
2
8
20
3
34
9
5
30
28
18
10
6
8
34
18
14
31
18
32
29
25
21
14
28
1
31
32
22
27
2
28
11
29
24
20
29
24
0
1
32
5
5
24
1
20
20
34
9
1
18
18
34
5
14
23
9
14
0
25
23
36
34
26
26
32
26
9
0
11
27
5
8
34
17
36
20
18
34
32
18
30
2
0
0
27
32
2
31
15
26
20
36
31
34
3
22
20
10
8
30
5
16
22
23
34
28
8
3
19
25
26
30
35
1
25
12
15
26
4
12
34
4
7
27
1
4
19
1
4
13
14
2
13
0
25
17
13
14
36
27
34
16
20
26
26
7
17
22
4
22
31
2
22
14
20
22
28
6
29
26
15
3
31
2
1
19
27
18
32
27
1
8
15
29
26
