19
28
26
14
28
27
30
7
11
19
8
36
14
0
13
15
6
26
18
20
12
34
35
16
35
29
30
26
6
4
26
29
24
29
15
9
34
8
20
5
33
28
9
14
2
2
14
32
33
33
11
0
10
11
36
10
13
25
5
33
1
19
3
8
24
1
35
14
36
30
3
20
24
9
33
16
25
19
17
27
34
32
34
2
1
4
35
28
29
1
15
13
4
18
20
12
30
30
1
5
19
27
33
33
35
32
35
7
5
30
12
10
28
17
20
4
30
35
6
22
14
15
1
21
17
11
12
26
21
10
20
25
29
25
11
9
4
1
6
3
9
36
18
16
9
10
11
10
29
3
33
23
36
14
30
22
18
20
20
13
15
23
36
28
22
6
18
34
6
15
4
17
32
26
6
35
20
7
11
30
13
32
0
7
30
7
7
32
26
3
6
20
19
27
18
15
