25
32
25
24
27
18
36
23
25
25
16
23
8
14
32
8
36
34
24
15
18
28
11
4
23
2
10
1
32
36
29
14
1
10
30
18
26
0
4
30
2
36
8
26
1
27
20
3
14
33
31
14
17
28
18
0
18
27
10
6
15
8
27
2
25
5
11
36
33
13
34
8
9
34
29
2
34
13
4
31
30
0
18
2
0
23
11
26
17
11
5
16
30
25
7
30
6
10
8
2
12
20
10
4
16
26
13
10
26
25
25
22
20
0
7
17
17
31
32
1
36
25
11
18
15
31
20
33
35
7
9
36
25
11
0
15
20
17
8
9
21
6
5
5
14
19
23
9
7
33
28
35
29
17
36
28
34
19
13
28
1
19
6
34
15
2
26
33
16
13
29
27
0
16
31
18
25
27
31
28
14
14
33
10
27
14
27
12
31
0
20
28
33
2
19
14
30
