25
2
22
7
5
3
23
36
17
26
27
35
31
25
2
29
21
29
22
34
0
17
12
34
12
4
5
18
22
17
13
13
0
34
9
32
19
23
34
12
10
31
24
5
30
0
8
34
23
10
36
1
11
35
15
30
9
11
6
2
35
6
34
30
28
22
8
26
21
5
32
0
22
25
16
34
11
25
32
18
19
10
23
21
0
4
26
20
5
16
17
6
12
34
36
0
26
31
3
34
30
28
12
18
7
33
31
18
10
8
34
30
29
12
22
7
12
6
18
33
19
18
14
15
18
24
28
21
12
16
25
9
36
11
27
20
8
20
30
30
29
26
32
10
3
27
29
33
4
8
28
9
20
35
0
36
35
17
2
6
23
6
13
18
11
7
29
13
7
30
0
1
14
30
6
18
10
27
12
16
14
17
12
31
14
8
17
7
12
13
6
16
30
8
35
34
22
16
30
