31
28
22
34
0
8
21
18
20
14
26
9
36
10
9
23
29
29
30
11
3
24
24
16
7
0
33
8
18
31
2
26
7
14
35
31
14
27
3
34
31
11
33
34
21
2
2
21
15
7
13
4
11
24
24
27
23
1
29
3
19
21
3
34
10
29
2
16
4
22
29
2
21
31
25
14
22
30
2
34
0
14
36
31
2
23
0
33
15
12
14
26
1
3
22
36
2
12
18
22
28
26
21
12
2
30
7
27
15
15
8
17
13
32
0
23
13
8
30
28
20
4
18
25
36
7
30
15
5
9
7
27
35
6
30
16
12
32
32
7
3
13
1
31
0
1
0
4
32
14
16
9
15
18
21
32
21
17
31
16
23
25
26
35
23
6
17
12
32
1
35
16
10
30
12
18
10
11
19
5
7
17
24
25
25
11
27
28
6
31
1
20
13
4
10
36
