22
16
23
18
2
21
27
23
7
29
26
28
17
35
20
1
22
17
27
23
25
3
10
32
5
24
15
27
32
29
33
23
22
35
11
4
17
13
5
9
32
13
13
18
15
21
23
12
30
16
26
6
5
34
8
22
24
16
16
0
32
33
25
18
23
4
21
23
26
24
24
20
20
13
19
18
1
30
24
24
16
30
13
18
28
6
5
23
3
11
28
20
28
27
22
35
1
31
29
13
13
34
33
30
18
33
22
20
16
7
18
28
30
13
31
16
7
25
8
35
2
32
17
36
1
17
11
13
3
22
24
0
29
3
30
27
2
32
16
7
5
1
32
34
27
12
26
25
19
27
34
18
32
24
31
27
5
30
22
22
7
28
24
22
0
1
17
1
31
18
0
17
16
1
33
27
14
0
21
24
9
36
26
8
8
11
15
27
17
26
23
26
34
14
6
35
21
25
