31
33
21
10
29
21
22
3
5
25
19
22
9
10
8
21
8
28
35
16
13
16
36
28
26
32
9
26
9
5
30
20
27
22
14
16
35
36
7
25
16
8
25
25
22
24
25
26
0
0
28
36
30
5
24
26
34
4
2
19
16
31
26
31
25
18
8
28
28
0
34
3
16
12
9
16
20
23
22
12
16
25
2
18
26
10
9
27
34
13
29
15
0
36
34
21
9
3
34
14
7
4
25
15
6
27
21
35
16
3
6
36
20
31
8
26
35
15
2
17
34
26
18
6
22
6
24
23
24
32
2
24
5
7
2
35
5
26
23
30
6
0
31
12
20
8
31
22
7
0
0
31
17
29
26
24
2
8
10
31
18
6
17
30
21
19
16
11
24
24
20
32
5
7
5
21
28
5
15
12
13
11
28
1
24
4
19
32
11
32
6
36
7
21
2
23
18
17
