25
24
23
0
22
35
7
25
0
12
0
19
17
30
29
30
14
5
17
1
26
30
23
33
23
24
30
7
22
14
22
12
31
0
31
11
33
28
30
13
6
6
8
13
28
15
27
13
18
4
15
27
1
11
20
22
16
23
6
19
27
16
11
16
18
26
16
36
10
34
22
34
1
11
31
30
14
27
4
27
34
34
32
10
16
19
0
1
0
30
5
20
18
9
5
21
25
14
3
19
4
15
1
3
13
8
18
20
14
23
36
29
28
3
3
1
7
35
7
10
31
21
36
33
25
26
0
21
2
20
29
29
28
24
30
6
0
13
23
5
14
2
15
1
29
14
19
11
7
27
19
11
22
26
16
27
20
26
20
18
26
4
25
5
15
34
35
7
18
26
27
18
29
9
33
20
6
19
13
35
5
36
26
35
36
11
16
17
32
20
10
30
17
35
15
32
23
5
32
29
