36
2
9
10
22
13
35
20
19
7
19
27
14
27
25
31
22
7
7
2
28
26
25
16
4
13
15
35
36
1
4
25
14
27
2
32
19
21
14
22
22
18
17
16
19
8
0
29
19
15
2
9
30
22
11
5
28
32
20
0
25
32
14
24
35
4
2
0
32
15
27
14
19
32
27
14
29
2
4
32
5
25
35
23
31
31
17
35
8
8
23
34
8
24
1
17
4
12
23
6
0
18
11
11
0
23
10
8
26
9
1
4
25
23
36
21
21
3
30
36
13
23
28
29
19
0
0
2
20
24
19
6
21
32
31
33
17
27
7
21
26
29
7
2
0
31
0
24
12
16
18
18
17
18
16
31
14
21
25
11
31
3
9
33
20
10
10
32
23
28
15
16
29
2
14
3
13
33
14
27
15
0
21
25
12
1
14
6
7
16
17
1
35
0
3
12
15
