21
1
13
33
21
36
35
33
7
4
14
23
15
22
29
26
7
16
9
21
2
5
29
9
2
32
36
35
6
29
11
26
1
0
32
27
22
19
25
4
22
20
4
22
28
19
14
33
10
32
2
0
10
36
17
2
2
30
6
2
9
19
0
21
35
19
36
15
1
4
26
11
28
22
6
6
12
3
11
3
23
30
18
25
25
32
30
27
20
8
0
26
7
5
13
6
30
31
29
15
36
8
0
14
0
7
15
28
22
34
16
2
16
7
19
10
12
35
12
36
8
3
0
24
28
25
6
35
26
28
17
32
5
11
32
32
30
17
30
34
36
35
15
20
9
16
7
22
14
6
11
28
13
32
24
15
36
36
20
28
27
22
16
35
26
21
34
33
34
9
30
23
30
13
6
29
32
19
14
21
16
16
30
24
4
3
15
31
0
32
27
18
5
22
13
29
18
32
7
1
