30
24
36
17
14
22
18
5
27
27
25
9
28
2
6
13
7
18
15
0
0
36
36
29
9
1
2
8
14
11
19
36
20
19
20
21
31
25
17
6
20
3
21
33
15
35
17
34
27
33
29
11
22
18
26
22
33
17
20
34
30
10
27
22
6
2
32
0
24
9
3
32
36
36
31
13
25
2
35
13
4
34
5
24
13
8
8
14
26
15
2
7
25
31
12
32
9
3
13
27
34
22
22
20
22
12
25
4
6
36
6
19
6
23
16
21
16
10
30
31
28
23
30
3
29
15
24
8
15
28
22
2
10
32
8
28
36
23
15
36
22
14
5
5
12
29
19
16
22
7
18
12
30
10
6
26
27
24
4
29
36
13
8
7
20
5
19
36
25
28
14
13
31
11
28
0
0
36
29
24
7
2
11
13
19
8
1
0
16
17
24
2
6
35
30
5
31
26
