37
23
16
14
17
17
14
1
5
29
29
19
26
17
12
26
17
34
26
18
23
36
2
33
21
8
12
29
25
8
22
0
30
0
21
33
17
29
33
20
20
32
2
26
10
1
3
4
24
6
16
4
4
20
29
2
25
9
29
15
12
34
11
12
11
2
13
21
17
7
19
5
12
12
36
30
8
19
23
8
15
35
36
15
19
22
28
20
30
19
0
10
12
16
8
26
26
25
21
2
7
18
13
26
19
30
20
14
19
9
0
13
36
15
17
15
31
7
32
24
10
25
35
27
15
27
5
36
30
33
19
24
23
9
34
12
9
11
19
22
32
18
22
21
36
4
15
2
9
6
10
20
24
5
35
33
36
27
28
29
10
18
14
22
27
5
11
5
3
31
4
8
30
3
8
21
1
1
32
3
12
11
10
23
2
26
17
19
26
4
35
18
23
23
6
11
5
29
3
6
12
