37
31
20
9
34
5
23
12
3
18
17
4
5
16
4
36
19
26
26
3
30
15
36
19
2
12
20
25
18
21
11
25
3
8
11
27
7
30
7
20
6
6
10
33
0
1
12
35
22
28
22
17
27
17
28
5
28
16
33
11
34
25
10
21
8
11
6
11
23
29
31
19
23
17
34
11
35
14
19
22
20
8
32
27
22
0
14
22
3
18
24
18
30
14
21
18
16
8
20
36
25
6
15
11
31
3
33
9
33
36
8
10
2
24
25
14
23
12
35
14
11
32
21
28
4
23
2
9
20
27
3
32
21
16
34
35
11
20
25
34
19
1
28
32
21
10
21
6
18
20
35
32
30
26
34
1
36
9
9
33
31
9
3
5
12
2
25
2
31
1
26
32
34
35
27
18
2
1
12
10
28
23
17
17
14
34
0
36
2
30
5
29
30
32
1
28
22
8
22
9
11
6
