30
31
18
17
23
18
36
12
15
9
26
15
11
25
4
35
16
10
5
24
23
12
33
10
12
9
19
8
26
28
30
12
5
32
20
33
20
28
18
1
21
29
13
22
19
19
27
8
1
4
28
29
2
8
12
33
0
27
2
9
11
6
35
34
26
11
35
33
37
19
12
7
12
25
18
16
20
16
32
26
13
1
10
20
30
30
0
9
30
3
9
16
1
28
3
16
4
32
27
22
23
36
11
30
23
15
9
16
3
33
15
12
21
1
25
24
3
7
19
4
32
11
31
22
20
8
13
35
11
36
25
33
35
23
35
16
6
17
20
7
5
12
15
29
0
28
6
15
27
6
24
31
5
28
22
20
25
27
0
8
31
27
3
29
32
36
12
21
3
19
0
16
11
25
15
26
14
32
16
20
27
35
3
36
20
5
28
5
13
6
25
17
6
11
4
3
6
