0
30
35
34
35
29
21
9
31
13
8
4
13
24
35
10
17
5
7
28
23
8
1
20
31
14
16
1
4
26
11
7
28
20
24
2
18
15
20
23
22
13
4
2
33
13
17
18
4
19
20
15
34
9
21
7
7
5
21
26
36
28
17
6
8
12
11
7
17
25
16
36
24
36
19
16
33
9
15
8
6
11
23
28
2
21
2
9
27
25
6
22
9
3
14
13
30
13
12
2
29
25
29
21
33
35
32
22
28
10
4
8
6
30
5
31
19
5
9
12
24
27
1
32
29
17
17
36
31
5
12
32
25
36
5
25
0
20
31
25
12
8
16
1
4
31
21
36
11
13
24
15
10
30
10
23
26
8
30
22
32
12
24
16
26
22
19
34
22
32
15
10
12
33
26
2
19
9
17
5
0
12
17
31
15
31
18
36
9
15
8
15
11
11
21
26
20
20
13
