37
25
35
34
12
25
3
12
4
13
23
31
21
35
2
6
26
22
0
14
17
33
27
16
25
31
10
35
4
13
11
6
27
17
36
14
13
17
2
10
30
1
34
28
11
34
6
18
12
28
7
27
11
36
30
19
25
16
26
31
19
11
23
0
32
30
32
12
16
15
6
5
18
29
35
10
1
23
23
31
10
28
21
13
1
34
19
9
25
27
9
10
2
10
16
36
20
25
17
35
27
33
24
34
15
1
33
6
7
26
25
34
7
4
29
26
13
17
15
0
21
27
5
10
21
11
23
13
15
9
32
21
4
16
30
9
10
5
21
9
23
27
23
8
33
6
34
4
29
24
16
24
30
20
14
17
1
16
17
2
18
32
18
13
33
29
16
12
8
33
23
19
30
31
21
16
25
32
18
3
9
27
31
7
19
15
19
7
23
6
35
11
34
6
0
2
26
21
