31
18
34
19
13
33
15
14
2
27
34
8
28
11
16
3
4
5
29
19
9
22
3
0
36
1
25
24
12
3
26
11
33
32
20
16
13
6
26
34
13
1
13
5
24
34
26
31
2
3
6
36
3
36
9
0
13
7
26
4
13
8
8
13
20
2
23
6
29
13
1
7
24
29
7
29
28
17
9
12
25
27
15
31
5
9
4
32
17
20
15
23
33
31
23
23
24
28
11
15
4
8
16
34
24
8
22
3
29
23
12
3
15
11
18
28
34
2
23
8
17
27
10
14
4
31
15
8
23
14
30
28
34
19
25
7
12
4
8
29
2
35
14
20
15
18
14
9
27
27
15
10
2
14
4
6
34
31
9
33
26
28
25
13
33
19
11
8
35
34
35
27
4
19
36
7
24
28
19
2
26
29
25
31
32
13
5
18
32
32
7
1
21
24
31
3
30
1
16
6
9
17
