8
16
20
17
13
5
35
32
31
4
9
9
12
1
2
11
24
17
34
15
5
8
23
31
1
0
19
8
13
20
3
12
2
33
9
3
14
26
21
10
1
6
26
3
18
8
15
11
27
28
7
32
20
33
34
18
9
6
6
5
6
30
17
15
6
8
27
21
18
13
35
27
13
34
0
33
11
2
23
31
26
29
24
9
21
25
4
3
12
15
30
33
15
23
20
23
3
34
1
12
16
12
12
22
22
3
6
33
29
19
34
27
29
23
27
4
19
33
10
3
24
34
13
25
23
26
19
12
31
15
4
8
20
5
18
26
7
4
14
24
30
25
0
11
23
33
30
35
12
10
15
22
15
27
22
35
33
27
16
12
2
17
0
22
3
11
2
6
3
13
15
18
36
30
25
16
23
17
10
2
15
26
34
27
5
2
23
8
8
20
4
7
11
15
15
21
22
