17
23
34
36
28
5
1
25
1
1
24
20
22
23
0
33
35
9
22
26
16
25
34
15
28
5
18
3
26
28
17
12
18
22
16
32
29
3
29
13
17
32
27
12
6
31
1
13
5
14
3
18
1
32
12
15
35
21
17
30
26
4
14
5
10
11
15
36
19
31
26
36
31
24
5
32
31
18
1
30
35
13
34
25
31
34
26
19
13
17
16
17
29
5
12
4
22
5
8
30
36
25
16
12
8
36
25
32
10
21
24
36
13
10
36
34
34
23
17
16
10
4
14
33
0
12
25
5
1
10
1
33
1
26
18
19
28
4
30
7
2
2
0
31
8
28
12
12
15
2
17
8
25
33
7
28
11
13
20
6
1
24
23
10
30
23
17
6
22
25
33
33
32
17
26
36
0
9
28
35
16
32
20
18
8
3
5
20
35
16
8
27
18
27
20
21
3
33
