33
30
11
11
19
22
35
17
3
22
26
15
23
35
12
2
11
27
6
7
4
8
25
30
6
33
27
27
11
28
29
36
36
18
36
3
2
36
28
30
1
22
15
19
35
2
26
22
24
30
18
0
7
30
16
11
29
27
10
9
10
22
31
11
14
13
4
15
21
13
10
10
1
11
21
13
23
13
14
29
24
14
36
11
5
30
16
22
20
36
35
8
26
1
0
13
20
18
13
1
13
34
25
16
22
27
33
26
20
8
15
14
29
26
23
24
1
16
14
36
14
29
24
20
9
7
5
12
29
30
9
4
31
8
17
12
7
33
32
0
22
8
16
8
35
20
7
9
25
12
31
24
14
13
1
17
24
7
2
35
23
31
13
28
25
16
5
0
7
30
33
33
21
19
11
20
13
28
33
9
3
6
13
16
19
16
1
8
13
20
27
25
36
19
0
26
35
0
