21
25
9
12
11
3
18
12
17
20
23
9
16
27
34
17
18
0
8
20
35
6
20
8
12
16
25
21
9
18
14
5
10
35
34
13
15
1
0
34
26
7
36
19
1
14
21
1
30
20
21
0
21
28
34
5
7
11
23
15
16
22
27
12
34
4
36
24
31
28
19
32
20
26
1
3
22
0
28
26
28
21
24
19
26
32
34
22
32
35
32
12
16
35
21
23
15
0
2
1
18
8
15
0
16
23
13
29
28
25
21
21
11
28
0
28
6
28
32
12
20
34
34
34
18
14
34
12
29
23
8
9
13
17
10
32
17
4
14
22
20
3
31
27
14
26
8
13
27
20
15
17
3
9
25
7
28
35
8
7
18
3
20
35
22
10
34
36
25
9
13
19
21
20
21
2
1
19
7
26
2
36
34
17
11
31
11
33
35
8
19
29
16
6
7
19
7
