12
30
6
9
26
16
26
31
20
4
14
27
36
29
16
7
4
18
29
14
17
4
10
20
28
6
10
5
28
13
9
6
9
23
31
8
27
25
23
10
23
25
26
11
19
5
9
12
13
3
1
36
11
35
9
14
21
19
28
2
14
30
18
24
13
21
13
28
1
27
21
1
35
21
23
24
22
33
35
36
17
32
20
17
8
33
17
21
25
12
31
19
33
13
18
5
17
24
10
5
28
4
7
15
9
29
12
11
1
21
17
33
11
21
20
10
28
24
14
23
0
11
28
11
12
6
4
32
35
33
32
30
8
2
16
11
19
17
26
27
22
27
19
7
8
36
24
16
15
5
13
33
22
10
20
1
36
15
20
27
0
6
16
0
18
22
36
27
21
1
30
0
13
5
17
29
20
36
14
5
32
4
20
4
0
36
11
33
31
32
11
4
10
10
9
8
8
6
29
