16
18
22
25
32
15
30
2
9
31
36
21
27
24
28
16
36
1
17
1
10
33
32
26
28
31
29
13
11
35
21
22
33
2
13
6
26
2
31
10
16
35
4
20
10
19
32
36
28
17
14
9
19
30
32
18
23
15
5
29
12
28
20
14
34
28
16
31
1
5
23
13
20
33
36
14
30
14
27
13
24
21
14
26
17
9
17
8
0
24
3
22
13
3
35
26
28
21
1
2
8
9
28
25
30
30
7
24
10
5
26
3
4
3
0
35
6
24
7
14
36
24
19
0
33
6
33
22
18
24
25
3
24
10
9
4
26
1
24
13
12
7
3
11
27
17
18
26
3
30
6
30
30
10
2
7
28
11
33
34
24
16
31
18
21
24
33
19
15
4
28
1
1
13
16
26
19
15
13
1
29
24
9
36
22
31
17
10
36
19
33
2
14
23
31
2
26
