8
33
28
18
22
6
25
18
12
24
19
15
3
1
28
4
35
7
25
29
19
22
25
8
15
22
11
33
32
16
25
8
21
9
0
28
33
34
34
23
14
22
27
8
27
14
32
36
0
31
28
22
8
3
16
1
3
34
3
17
15
22
27
21
28
10
4
30
20
0
13
34
1
11
21
30
10
28
0
3
15
18
20
27
8
4
9
19
13
21
13
11
19
24
30
34
14
22
29
20
34
25
22
1
7
33
26
34
18
27
32
27
15
1
21
32
31
13
35
23
8
27
11
18
28
19
19
1
9
22
32
31
25
6
9
13
21
22
10
19
0
19
4
0
27
32
3
31
3
21
0
5
23
4
20
5
34
29
26
18
29
13
17
18
25
30
18
5
25
14
6
15
22
26
13
36
32
35
21
26
20
32
27
34
6
21
13
32
3
3
35
25
12
14
24
25
29
