28
13
25
7
27
8
32
8
10
11
33
21
1
3
12
5
36
23
31
3
9
22
30
17
16
29
9
17
36
14
31
36
28
13
30
0
15
25
15
7
31
25
21
36
24
20
0
26
22
21
12
13
14
10
25
34
36
26
5
22
10
0
0
3
11
12
35
35
30
23
10
2
31
1
25
22
6
19
15
12
10
23
34
33
5
12
20
11
35
16
28
21
16
34
32
28
21
5
10
14
36
35
35
36
35
4
22
33
25
17
8
7
28
30
12
28
34
34
22
30
5
26
13
27
32
13
17
17
25
19
23
0
34
21
31
19
1
22
11
0
36
18
30
16
36
25
33
6
29
16
23
14
22
25
6
2
32
31
7
16
16
36
21
33
3
0
9
24
33
20
17
33
28
30
10
21
5
16
19
20
36
36
25
10
31
27
8
3
17
19
25
19
17
29
2
25
22
21
2
24
1
4
15
26
6
26
20
24
25
6
17
13
16
33
13
27
3
14
16
5
5
0
36
14
20
10
24
14
23
25
4
12
21
31
32
14
26
30
32
1
24
24
10
13
26
2
20
36
33
35
26
21
16
14
29
35
3
18
10
0
17
2
