37
9
5
17
26
6
7
14
22
14
22
7
25
15
24
36
4
13
14
20
18
1
12
23
3
19
30
29
7
12
14
0
35
1
23
34
0
25
21
7
2
34
19
7
25
3
30
13
20
16
24
35
23
17
29
24
6
19
12
2
35
18
16
24
23
24
7
32
5
21
6
18
21
12
0
11
20
5
33
9
21
5
1
29
32
15
18
18
26
13
30
31
29
0
17
20
11
20
35
22
8
12
5
0
1
3
7
17
35
4
33
27
34
34
36
36
25
2
25
22
17
21
11
33
36
1
18
15
9
16
18
2
7
26
9
15
22
10
23
13
21
19
10
20
24
27
15
28
1
14
6
9
21
8
0
28
29
32
13
33
29
2
1
7
33
28
25
7
8
31
24
17
24
2
2
10
29
17
29
6
8
33
12
23
33
10
22
1
1
13
16
3
36
25
13
27
2
