16
30
16
26
1
12
34
24
4
3
32
17
34
27
29
6
31
24
13
14
7
19
6
17
9
7
26
14
31
35
24
22
2
32
31
33
10
33
5
21
17
33
3
24
7
18
3
28
19
2
3
12
16
27
0
13
23
17
35
8
31
6
21
17
3
29
3
33
3
4
12
31
33
30
23
6
21
4
1
15
19
26
12
18
14
24
32
29
13
21
2
32
18
36
32
1
23
19
10
25
4
4
14
28
30
35
32
28
36
25
33
31
11
28
19
30
0
12
15
0
15
11
10
2
0
19
4
10
14
23
11
9
25
23
29
19
32
15
0
36
26
36
19
17
14
22
20
18
22
30
33
2
0
27
0
0
26
11
27
35
18
5
27
3
36
15
29
4
1
8
29
15
4
12
10
35
15
6
5
6
4
5
13
19
24
2
5
17
26
29
1
3
4
36
28
30
0
