1
18
14
3
2
23
35
3
23
7
14
18
36
27
21
2
3
0
5
36
9
31
34
6
8
8
0
36
21
18
24
33
9
12
31
2
7
10
8
17
8
17
18
4
10
30
9
18
27
19
36
7
32
13
7
15
18
21
14
1
34
13
25
30
28
5
34
23
21
11
13
32
1
9
35
25
14
1
28
5
19
36
34
33
26
19
9
36
6
24
36
0
9
15
13
24
25
36
36
30
2
2
28
27
19
32
2
15
20
20
25
28
7
0
1
19
24
10
9
28
16
36
5
1
24
28
14
17
26
15
34
18
0
21
26
7
31
12
5
11
1
26
32
17
2
19
21
27
20
10
16
17
35
13
0
13
24
13
1
3
8
29
18
14
10
31
1
7
26
3
2
8
28
25
24
26
12
27
32
36
34
16
0
1
32
12
20
23
5
27
12
32
28
1
6
34
