20
21
31
9
19
9
14
9
18
24
28
17
30
29
7
7
34
5
25
10
23
23
26
2
23
4
27
8
2
22
24
1
32
14
6
11
33
29
0
29
5
7
16
26
21
29
12
5
22
29
7
36
15
23
17
7
35
30
7
22
32
13
10
16
25
7
33
23
33
27
13
5
23
4
15
10
7
20
19
28
18
32
11
33
17
8
7
18
13
0
8
13
15
6
29
28
15
4
34
25
25
15
21
15
28
5
19
28
26
28
31
3
12
16
17
12
28
26
8
14
10
22
21
13
0
25
34
29
33
18
0
5
34
15
34
32
34
17
28
26
18
1
6
9
15
15
16
30
8
3
35
0
35
30
6
17
19
15
0
1
7
22
16
16
17
29
36
15
34
1
12
17
34
27
8
10
23
24
13
6
2
13
30
27
33
30
27
16
21
20
32
26
17
35
16
17
23
32
13
18
6
