37
1
8
34
12
22
24
4
13
11
16
20
12
32
25
32
9
32
29
8
4
27
29
36
30
1
12
19
23
25
12
12
11
5
1
21
27
14
8
35
4
32
16
30
24
5
6
29
31
26
5
26
19
23
9
6
30
29
35
34
18
24
12
19
26
8
35
23
25
23
14
25
9
1
16
10
2
33
6
13
17
32
35
16
19
0
33
0
10
36
34
28
18
36
19
36
31
32
34
19
6
29
20
36
17
11
31
22
8
33
5
12
28
27
27
4
32
22
36
28
2
22
26
16
16
18
1
23
32
17
25
5
14
10
4
35
29
34
16
32
32
7
32
29
2
28
9
10
25
16
26
1
9
20
8
18
8
0
6
8
22
34
34
34
24
16
20
0
15
23
0
19
4
36
28
0
15
12
19
28
10
12
33
1
18
33
25
29
16
29
11
16
34
33
4
20
30
0
22
17
23
23
