37
4
18
3
12
31
25
1
32
19
0
0
5
18
24
0
13
25
36
6
13
21
31
36
5
29
9
16
15
6
25
31
1
23
29
25
21
7
24
19
5
5
31
1
27
0
2
9
17
35
16
8
6
24
19
29
32
31
18
11
28
21
8
36
10
30
23
36
18
17
0
7
7
13
0
32
29
6
5
8
6
19
3
36
9
0
12
21
12
36
8
4
0
12
0
24
19
3
11
33
2
6
4
11
0
7
0
15
20
2
22
27
34
10
29
11
30
14
28
18
21
16
11
20
5
13
1
20
3
13
3
0
11
31
24
14
12
11
13
23
15
34
18
9
11
17
11
15
29
24
34
10
36
13
29
29
32
6
1
34
29
30
11
4
36
13
13
18
36
10
31
31
14
2
13
34
22
17
24
12
27
8
1
12
29
15
32
6
1
26
20
0
26
3
21
18
15
