34
0
3
22
1
24
9
9
7
23
28
1
24
36
22
0
20
21
23
7
13
17
14
25
30
2
14
7
34
28
29
8
29
29
30
27
29
9
0
14
4
36
16
29
35
19
28
9
3
2
20
17
5
3
35
29
11
13
14
1
1
32
7
2
25
30
29
32
12
4
13
11
18
6
35
8
31
22
22
3
21
26
9
15
26
27
28
2
5
14
19
9
8
17
11
36
23
17
31
24
13
22
27
27
34
34
36
6
34
16
34
25
9
14
12
14
34
20
22
8
34
0
21
17
26
6
1
16
27
36
18
10
15
9
10
23
27
13
33
9
6
7
20
36
22
11
2
11
31
4
21
9
22
14
9
29
7
8
29
22
29
33
24
4
13
8
2
19
28
14
33
0
34
34
3
21
22
23
14
14
6
36
22
31
6
21
24
9
22
0
19
8
15
6
13
31
33
24
33
35
24
