37
33
1
26
36
12
35
6
2
5
31
8
34
19
0
33
12
26
19
32
25
27
24
36
33
10
9
7
27
34
24
10
23
16
2
1
11
1
35
9
3
16
9
16
10
18
8
3
36
34
16
27
25
5
29
3
35
23
0
10
10
23
18
11
5
19
8
13
1
23
24
30
8
18
4
35
16
4
21
34
2
9
32
3
10
23
24
22
30
11
33
22
2
22
27
35
22
25
32
11
19
31
11
34
25
19
0
16
19
10
7
23
22
13
10
30
34
34
33
23
30
20
14
5
15
16
23
16
8
22
12
9
7
26
32
32
2
18
19
30
18
2
12
10
9
19
16
15
23
30
15
17
9
16
32
25
36
36
34
0
3
36
14
21
12
19
16
2
1
5
6
9
6
22
13
21
35
35
4
11
30
9
30
14
33
26
24
36
9
27
2
16
22
5
27
21
27
21
10
