34
25
26
35
3
29
21
32
21
9
21
25
34
36
31
16
31
34
17
36
28
28
2
24
31
17
17
9
32
36
12
32
8
6
28
19
33
11
19
8
17
0
13
11
31
2
22
29
20
35
19
15
10
27
31
18
27
31
16
25
14
36
12
35
35
34
33
22
11
10
34
18
18
28
31
8
1
22
23
23
23
31
23
22
31
15
36
13
21
36
14
26
25
23
13
13
30
4
32
27
18
36
25
12
36
30
10
12
13
12
1
9
29
1
31
3
14
27
9
26
15
3
22
31
0
33
25
16
20
2
23
8
34
30
26
10
31
35
12
33
32
16
33
15
31
32
28
4
7
17
7
17
18
33
26
20
33
18
5
21
14
12
17
22
30
19
30
28
21
11
24
11
23
20
29
18
25
23
29
35
3
28
7
28
32
14
35
20
26
32
5
12
19
0
35
30
11
0
16
