8
36
34
10
22
15
21
25
30
24
26
36
32
22
31
36
35
5
16
36
17
5
17
9
6
24
1
3
5
31
5
12
21
18
34
7
31
5
16
31
36
2
3
19
34
8
30
32
23
19
6
33
3
14
33
34
5
26
1
35
7
8
13
27
10
11
34
27
32
24
1
20
15
32
11
33
11
25
17
26
16
20
21
36
12
23
33
32
23
25
15
2
32
33
26
12
14
25
32
26
34
14
7
33
23
26
32
33
2
1
25
13
1
3
0
17
7
17
4
30
16
12
9
35
33
31
16
3
23
16
18
0
33
10
16
12
19
22
28
4
31
4
3
12
13
21
32
9
27
21
27
28
15
25
4
8
20
19
25
14
22
29
12
4
13
21
36
24
27
19
16
29
4
2
10
18
25
23
14
7
27
26
21
4
28
30
28
3
32
31
13
20
4
12
3
7
10
28
28
32
30
32
1
6
5
8
3
12
15
11
10
24
28
34
5
35
26
2
7
28
27
0
13
28
2
18
28
1
21
25
14
33
18
29
14
22
13
17
9
30
20
31
14
19
7
17
11
5
20
19
18
20
6
1
0
28
