4
22
11
10
20
15
14
19
19
20
6
35
9
3
13
29
6
17
25
10
15
6
33
29
1
27
26
21
36
1
3
8
17
19
18
31
32
0
7
35
9
10
8
17
20
9
5
3
22
21
11
3
18
5
30
11
28
33
2
21
3
29
11
30
13
0
0
10
36
23
21
9
0
23
12
31
14
10
1
22
28
26
28
0
30
12
8
24
20
20
3
1
16
29
12
1
7
32
11
1
0
12
24
29
1
0
32
25
25
0
6
10
1
0
34
13
4
12
9
20
32
29
32
26
26
31
23
13
13
22
6
24
17
30
24
27
36
13
5
12
8
11
8
3
15
14
11
6
19
17
31
35
4
14
21
6
32
29
16
11
13
2
29
21
33
20
5
21
23
28
11
2
6
0
17
18
23
21
5
28
35
30
34
4
24
4
19
0
15
28
32
26
34
15
17
11
25
1
25
