37
14
3
17
26
22
5
27
7
29
26
7
24
8
27
20
16
22
6
22
29
34
7
27
23
17
0
35
25
15
17
5
19
14
35
6
30
1
31
1
12
15
4
13
0
21
18
1
30
25
26
25
18
4
23
1
36
8
0
30
3
33
29
19
11
13
19
28
16
11
0
27
0
27
1
26
16
29
6
23
4
2
31
31
14
8
27
0
8
29
12
7
27
17
7
22
30
32
32
23
16
28
16
20
11
17
29
10
15
21
26
27
31
7
31
11
17
34
24
8
19
3
36
22
32
29
36
21
11
4
2
10
26
10
4
16
33
22
13
1
6
36
26
18
13
19
18
19
4
32
28
24
28
1
25
3
15
20
17
30
32
16
34
20
21
29
8
0
33
32
31
24
26
24
11
19
14
19
27
8
14
15
10
20
20
17
24
30
13
12
16
2
11
18
32
22
34
1
25
