37
0
7
6
0
7
19
35
13
3
9
26
16
11
8
25
7
31
20
36
31
1
3
19
8
28
2
24
21
2
13
20
35
2
23
9
34
30
5
29
32
33
15
35
21
5
31
30
12
3
18
2
18
1
3
32
34
27
8
1
5
23
9
36
21
15
35
6
34
15
8
4
30
8
21
2
26
14
24
31
4
7
8
3
33
36
35
31
8
4
25
13
12
9
0
13
24
7
8
2
18
1
14
13
4
10
15
27
36
2
15
3
7
31
21
28
27
17
11
25
32
36
0
32
27
4
11
3
16
17
13
22
0
4
26
3
12
8
23
22
23
1
22
14
5
20
21
11
4
7
20
11
31
25
32
9
22
10
6
0
4
26
10
36
34
8
9
5
1
11
3
24
21
7
8
14
35
14
25
13
36
35
0
21
31
35
19
4
15
25
36
10
26
5
33
11
7
26
20
9
29
