37
9
13
32
27
35
21
9
36
17
10
11
29
31
27
4
28
18
31
35
7
4
13
30
2
19
30
2
8
17
18
8
31
8
15
26
26
3
31
20
23
0
16
24
20
31
2
4
33
2
28
27
5
1
26
22
16
7
16
11
21
32
17
28
11
9
17
1
2
34
6
0
16
32
32
19
26
9
10
16
15
8
18
25
15
16
36
24
1
29
15
25
23
21
1
8
35
18
33
6
19
4
12
3
22
32
12
15
1
27
33
5
32
17
35
24
18
20
4
32
28
3
5
5
15
2
17
6
4
15
29
27
31
10
32
11
33
27
5
26
27
3
28
22
30
17
6
31
25
10
12
7
24
10
32
34
26
10
28
35
9
25
35
35
12
30
28
14
21
9
11
1
28
23
10
26
5
35
1
18
8
30
33
28
3
30
34
14
3
29
31
23
7
9
25
24
2
