37
8
14
30
24
34
22
20
11
9
35
19
34
14
15
25
35
14
27
31
34
31
6
36
1
9
12
12
0
31
4
33
31
16
18
36
16
16
21
27
28
3
9
8
29
7
7
34
3
1
25
25
13
27
9
30
30
25
20
24
12
30
15
7
15
33
26
4
5
4
8
6
6
16
33
2
14
1
21
24
0
7
31
32
24
12
33
13
13
6
9
7
17
25
10
8
22
10
15
10
10
8
23
27
34
21
23
16
25
29
26
0
3
1
30
16
23
24
13
4
36
24
8
36
28
14
15
34
12
33
17
11
18
36
26
14
27
16
11
5
11
36
25
24
10
17
3
13
21
5
2
17
14
19
24
8
12
1
21
32
31
1
4
19
36
25
6
30
23
6
12
5
33
8
27
1
3
23
28
29
9
34
3
7
2
23
11
4
4
22
23
26
22
3
32
4
36
35
34
