14
26
23
26
18
27
28
6
14
23
15
14
20
2
36
12
29
7
10
18
25
17
15
11
36
16
12
34
15
0
7
32
9
31
32
29
21
30
2
11
14
23
25
36
1
9
23
23
31
28
35
27
17
28
17
33
8
32
0
36
32
14
13
30
21
28
10
13
19
27
22
3
30
27
30
28
29
22
20
19
32
3
11
4
26
2
19
25
27
1
32
23
27
8
0
15
6
2
24
18
32
7
19
8
2
24
2
4
2
35
9
34
18
26
17
12
11
8
4
16
30
26
34
32
25
30
15
33
30
11
8
2
18
21
33
19
7
28
26
2
23
15
20
33
20
26
14
16
31
36
12
35
10
12
21
10
14
10
18
2
6
29
16
22
31
23
23
31
25
33
23
34
12
28
29
26
32
16
17
25
20
7
10
8
9
6
6
34
4
31
34
7
33
4
29
21
6
34
35
