32
9
4
30
10
27
10
17
33
7
1
11
9
6
32
0
8
21
28
10
24
8
7
28
26
14
0
14
10
19
3
21
20
13
19
25
26
15
16
14
18
4
17
2
2
15
0
33
29
28
15
10
2
36
15
3
30
26
2
0
29
14
28
13
34
30
29
24
3
34
22
15
25
28
22
19
4
20
6
4
27
20
6
35
21
17
18
12
15
7
35
12
21
23
34
8
25
13
7
15
19
33
34
11
3
15
31
33
17
15
20
8
27
4
28
3
29
23
4
28
34
36
21
35
22
10
12
8
16
8
21
14
35
32
3
21
1
7
31
6
18
31
6
32
24
1
20
1
34
19
14
6
14
26
32
3
34
33
5
26
1
18
13
23
13
34
33
6
32
24
21
8
14
30
15
8
34
10
12
31
24
31
34
27
17
24
10
33
13
19
1
15
26
34
32
25
7
