10
30
21
15
12
15
25
6
32
3
23
27
28
35
23
18
4
30
29
32
4
33
9
34
26
2
9
2
23
11
16
13
3
20
16
14
19
14
26
12
29
33
4
4
5
21
1
24
4
15
13
27
27
6
26
33
0
14
28
31
0
8
27
13
13
12
9
14
33
3
22
32
26
4
13
14
18
20
30
8
10
32
1
28
15
25
21
4
33
33
4
7
17
13
33
25
22
17
11
30
10
3
16
4
13
15
24
2
21
35
30
27
17
30
1
15
6
8
21
24
20
32
9
12
14
32
22
16
23
17
29
13
8
27
36
36
22
1
14
6
5
3
18
4
27
6
22
14
2
2
18
34
16
30
32
23
20
24
4
24
2
30
21
5
1
34
9
25
30
24
6
1
17
27
28
16
28
0
32
0
7
21
21
22
35
34
33
10
10
24
23
35
25
18
9
34
7
