25
16
6
13
12
9
33
25
32
10
30
8
0
29
7
20
9
17
12
16
17
31
36
23
33
23
10
24
1
35
15
35
6
7
11
23
30
7
14
15
10
16
31
2
11
4
16
17
26
33
11
26
31
17
14
36
17
9
25
27
22
32
18
19
35
24
6
31
16
35
33
8
6
33
22
10
33
14
32
27
17
16
9
34
29
4
2
18
33
24
10
11
34
27
31
0
27
33
2
9
12
10
19
14
36
7
1
27
5
7
12
12
11
4
24
6
22
35
23
15
11
2
24
28
21
8
24
1
13
4
30
31
7
20
36
26
18
23
23
3
11
0
34
5
30
4
28
17
21
25
34
11
27
4
4
35
0
26
6
24
14
7
18
4
31
7
32
7
6
33
24
31
17
15
4
34
13
4
28
12
36
23
11
7
23
10
29
23
10
36
6
30
5
27
16
25
14
34
