30
32
32
13
30
31
31
9
13
23
28
3
23
13
30
26
2
34
4
33
29
32
31
11
35
29
4
27
36
26
7
15
20
23
33
4
12
34
29
26
13
4
5
5
20
18
28
30
16
25
10
28
20
21
27
34
8
26
36
5
16
12
34
3
19
5
29
9
12
1
27
11
30
8
25
33
24
16
14
10
29
25
23
2
12
11
10
27
25
19
7
35
18
5
10
33
30
26
17
13
9
20
6
10
30
2
5
24
30
9
4
36
35
22
26
34
1
10
33
10
7
5
30
24
32
9
35
24
22
0
24
20
8
3
21
35
13
9
4
16
13
6
22
15
5
16
6
36
27
12
29
32
21
21
27
2
29
28
1
16
35
17
25
0
24
33
11
15
17
14
17
3
13
36
13
28
15
24
31
3
20
31
9
3
21
28
11
15
2
19
2
2
17
33
8
32
22
4
