37
5
24
30
19
5
26
20
31
26
13
25
13
7
31
7
5
23
35
7
17
0
9
18
5
6
27
29
3
18
31
5
25
36
7
34
18
7
5
18
31
16
32
3
34
29
28
15
20
22
5
21
2
6
36
34
14
3
17
17
17
5
30
10
30
8
28
29
14
20
36
35
19
13
29
5
35
36
25
16
20
22
25
19
12
36
15
7
16
24
6
22
36
29
30
8
19
20
25
20
23
2
17
18
27
12
5
32
24
30
27
28
23
34
9
15
36
17
29
22
6
19
21
13
30
3
0
35
4
21
17
1
29
24
34
2
34
32
18
26
0
20
24
34
30
7
26
33
34
14
31
7
9
19
1
4
13
30
22
23
17
10
32
7
26
21
29
33
17
4
10
22
12
36
34
8
3
19
32
26
22
36
15
32
25
22
17
19
11
6
28
1
26
17
24
33
22
