31
36
32
36
29
12
27
12
21
36
29
6
22
27
33
15
4
9
4
18
16
13
35
5
15
33
5
0
24
11
14
35
28
24
23
2
11
24
30
14
23
23
26
30
21
21
11
1
33
22
29
26
21
33
22
1
21
29
19
14
29
36
13
3
30
22
34
28
26
23
16
18
4
2
25
12
33
10
27
18
0
36
27
13
33
1
8
10
24
33
6
5
0
7
27
23
16
12
30
29
31
1
19
25
20
35
27
3
32
0
15
24
15
2
2
17
33
31
27
9
10
10
20
34
18
36
9
22
33
19
35
33
21
3
9
20
28
5
1
17
3
33
23
28
0
14
9
27
23
4
18
15
29
27
6
12
26
10
0
18
7
3
20
30
26
2
36
27
7
24
2
3
17
23
8
26
11
23
1
15
12
11
27
10
35
27
35
4
19
31
15
3
0
31
24
28
10
17
