30
23
36
1
3
23
27
22
1
1
10
12
0
33
4
26
9
19
5
12
12
10
4
35
7
15
9
17
33
12
4
13
14
11
35
25
11
36
13
25
24
13
20
25
35
34
22
13
28
35
29
27
0
3
28
14
33
28
22
4
2
17
19
26
26
36
17
22
28
32
21
5
14
1
31
8
11
15
18
33
30
8
13
20
10
23
24
1
26
16
5
11
22
5
25
10
17
13
9
23
21
12
27
6
12
0
22
20
1
31
25
1
23
8
1
14
22
5
26
16
0
6
27
34
29
11
35
10
16
6
29
29
7
34
5
17
14
2
35
9
36
26
36
5
11
16
11
31
22
3
7
19
11
17
6
22
7
3
16
4
8
1
32
14
16
12
16
32
12
18
36
17
2
20
4
19
16
36
4
31
17
22
31
22
28
35
28
29
33
11
5
23
24
1
31
22
22
27
2
