37
29
22
0
28
9
14
26
9
33
13
21
32
28
7
8
33
17
4
6
3
27
0
35
24
16
19
8
16
17
11
22
27
2
16
9
26
36
13
32
20
5
4
20
20
25
2
26
16
7
32
27
34
25
17
34
32
33
2
33
17
0
1
26
30
1
27
17
19
35
3
7
12
1
6
28
26
13
2
31
26
36
31
20
18
29
17
5
26
25
26
15
34
4
15
24
4
3
2
8
27
2
29
7
24
0
22
12
23
33
7
4
36
16
31
8
30
26
33
7
2
23
3
33
36
30
5
27
9
31
33
9
16
20
3
12
3
24
27
17
17
34
16
25
15
16
33
11
9
14
26
14
30
22
29
32
25
5
9
24
2
20
11
13
32
34
9
15
14
9
34
9
17
18
32
17
16
33
31
7
7
8
9
4
21
18
4
20
9
26
7
14
13
2
16
33
17
3
26
