10
20
28
31
13
29
15
26
29
31
26
1
9
16
24
28
31
34
0
19
26
16
9
24
8
20
33
24
19
31
11
33
25
5
20
27
31
24
27
8
4
31
34
4
15
21
18
24
33
29
29
17
34
25
18
8
33
33
25
13
23
25
2
21
29
19
18
3
25
0
20
11
8
1
5
3
29
26
3
13
6
7
21
15
30
36
29
5
11
19
27
1
22
25
28
0
18
25
12
31
31
3
0
8
28
29
25
0
28
18
30
10
6
21
8
10
1
8
28
6
14
34
8
30
19
22
17
30
9
9
30
28
35
35
13
29
22
27
10
33
7
31
14
28
34
9
1
30
12
4
11
34
9
9
10
17
35
31
23
31
7
17
19
13
18
12
0
10
33
24
33
15
5
28
22
0
31
12
9
10
11
10
0
9
11
4
21
23
21
10
26
18
9
25
25
15
9
30
20
