9
26
2
29
33
20
26
3
19
20
5
19
2
1
8
5
18
7
14
24
18
11
29
6
29
4
0
26
33
26
35
20
22
32
12
30
26
1
28
23
14
9
9
16
18
16
8
0
11
12
10
13
16
12
21
5
31
2
8
25
32
2
23
26
10
20
7
19
19
2
17
21
36
33
18
5
1
1
34
2
22
26
27
33
27
32
32
26
1
26
8
12
0
22
24
11
34
13
29
32
0
20
4
35
4
22
17
26
12
35
25
23
2
34
19
23
30
3
9
34
9
33
33
4
12
21
31
4
32
24
29
23
32
19
32
29
17
31
5
10
14
14
36
16
23
14
18
20
18
27
23
18
18
13
28
36
2
25
9
34
8
1
7
21
30
24
11
19
11
10
7
30
35
30
20
10
5
10
30
9
7
19
19
1
14
21
26
4
22
33
29
22
33
6
17
15
34
33
9
21
27
8
23
18
27
36
16
16
2
24
11
20
13
21
1
21
15
22
21
6
7
34
0
35
9
2
35
2
26
20
16
26
14
18
5
28
35
29
20
1
24
