24
25
9
24
35
25
12
9
24
0
0
20
16
15
22
35
9
22
0
13
25
9
24
21
27
25
14
27
6
26
15
28
19
26
18
28
36
6
25
31
6
13
17
31
8
35
10
30
30
13
6
27
13
26
13
5
14
24
5
18
14
17
24
35
20
29
14
33
9
0
25
25
33
9
24
18
35
16
9
8
7
29
14
16
34
6
27
9
0
18
3
24
8
25
34
18
9
19
10
30
31
16
29
22
24
2
27
34
7
14
16
27
16
5
14
19
14
19
21
30
26
32
23
27
10
21
14
30
16
0
32
28
18
28
24
27
11
4
8
8
36
6
17
26
19
12
19
2
20
19
3
30
10
1
12
23
25
18
27
1
14
7
10
33
21
25
19
31
21
22
24
22
18
11
7
29
6
3
15
32
18
15
5
1
8
26
29
4
31
33
28
10
5
17
13
25
