36
24
6
7
8
19
7
8
33
12
7
4
32
7
24
6
0
17
9
23
11
5
19
36
6
17
21
25
9
12
23
2
28
14
13
26
11
6
13
0
17
30
35
25
30
5
35
19
6
18
6
20
23
24
16
25
13
1
19
15
0
9
27
12
14
7
29
25
0
22
34
8
27
3
12
5
11
11
6
16
1
3
24
28
28
34
21
16
28
17
1
16
24
26
26
6
18
29
20
7
33
4
5
7
25
6
32
15
19
0
4
3
31
12
34
34
10
9
16
22
21
4
28
14
1
7
21
23
15
21
7
24
23
24
34
36
3
6
12
21
8
21
0
4
10
36
33
23
33
18
19
21
4
29
11
2
10
17
35
24
13
16
11
19
33
20
20
33
18
11
10
28
35
4
22
30
12
27
14
33
36
32
8
9
10
14
9
5
7
23
6
36
7
36
29
21
28
20
14
