25
18
30
33
7
17
19
2
8
10
12
10
15
27
17
32
22
27
7
2
36
30
29
31
6
3
26
7
24
30
2
24
8
14
24
2
1
17
18
35
11
25
29
23
26
29
2
1
34
3
3
13
31
4
21
16
23
16
27
17
16
26
19
24
27
18
31
11
23
12
26
22
7
22
18
11
35
19
13
1
21
16
21
1
23
3
34
31
19
14
4
14
4
15
33
32
36
34
32
19
1
21
22
23
8
26
28
27
24
36
16
27
27
32
2
20
26
15
32
23
2
34
7
22
19
12
1
13
13
29
8
12
6
28
11
30
36
27
0
3
24
26
21
1
25
29
17
25
5
16
8
15
33
19
3
17
18
20
25
12
28
22
1
13
28
36
22
2
3
5
6
30
10
12
11
6
35
27
18
23
17
0
12
30
23
23
5
16
28
33
5
21
36
26
23
13
16
31
2
25
