23
1
35
17
1
11
5
17
15
15
13
10
19
12
21
11
16
23
31
31
9
23
15
0
22
24
28
1
32
16
36
6
30
11
22
33
10
3
5
13
19
31
2
22
19
19
12
13
30
29
8
27
9
1
15
8
3
22
30
26
13
22
13
21
17
4
13
34
0
13
36
22
26
29
13
28
7
9
10
22
32
16
5
7
31
1
29
4
32
26
12
2
1
7
35
19
7
12
2
33
5
36
7
2
22
24
33
26
4
34
16
9
8
1
10
13
15
2
12
33
24
3
31
1
23
15
18
25
29
35
4
14
13
1
26
24
22
20
4
27
2
9
35
12
12
10
29
35
15
1
0
28
0
30
31
14
31
0
6
2
1
24
11
6
10
8
23
27
35
23
24
25
23
12
30
2
15
19
33
31
31
2
9
35
2
17
29
34
35
36
21
33
26
27
3
28
3
30
28
32
3
