16
28
20
13
5
24
32
3
30
23
6
26
6
25
30
29
3
19
36
21
15
9
3
30
34
5
12
29
22
18
10
22
24
8
16
6
13
24
24
34
8
30
14
17
31
20
11
20
2
17
28
15
18
31
9
14
16
36
34
11
22
25
2
6
17
12
35
33
4
4
1
12
25
11
31
34
2
18
21
17
26
22
21
35
26
26
7
24
27
26
29
17
27
17
32
10
31
13
11
15
35
7
8
34
16
6
10
15
9
17
5
35
35
31
34
8
14
25
19
17
19
19
6
28
29
36
28
17
27
20
27
33
22
34
22
31
16
34
9
24
16
5
14
33
3
32
15
35
25
32
27
9
30
30
36
12
28
5
4
33
13
35
26
15
6
5
4
35
22
21
34
15
8
35
9
30
23
23
0
11
4
10
21
9
4
29
17
33
17
5
2
35
13
10
27
1
8
9
23
5
10
