5
23
14
9
36
19
7
32
30
15
3
12
18
25
21
33
31
19
33
6
29
0
35
34
7
9
30
19
31
30
27
0
13
18
24
33
19
35
12
9
23
4
12
34
18
30
8
32
18
7
16
31
34
14
6
24
29
6
5
18
7
30
25
11
30
2
29
10
21
18
17
10
4
26
12
27
17
5
13
12
33
13
23
7
22
7
23
22
10
30
23
17
18
32
31
18
30
24
26
28
10
10
3
35
32
32
4
15
5
34
23
22
1
27
10
28
0
35
24
26
20
27
9
4
23
29
8
35
33
4
19
19
29
31
12
24
12
14
5
36
6
10
30
21
18
11
16
18
9
2
13
13
3
34
35
35
24
32
16
23
35
7
19
21
17
20
17
24
11
11
0
33
32
13
7
8
13
24
12
32
32
6
6
16
5
18
34
22
4
31
36
30
3
9
26
19
13
29
