2
16
36
11
20
5
19
13
35
16
34
27
10
8
26
1
7
15
22
15
30
15
4
15
1
33
34
8
13
8
34
22
20
21
16
14
3
9
3
7
26
27
26
16
0
5
15
0
13
28
34
17
7
23
5
5
32
30
3
21
18
36
15
14
22
6
15
9
11
32
23
3
29
0
17
13
35
11
32
27
22
7
29
25
14
7
36
10
0
26
13
7
23
36
1
13
1
22
16
20
12
0
6
10
23
23
36
11
25
18
29
25
22
0
26
21
24
7
18
0
35
2
9
0
9
3
18
34
34
25
17
23
26
24
14
24
21
9
13
3
35
19
8
35
12
34
11
21
6
36
28
29
2
27
31
34
35
10
34
17
9
14
17
24
26
0
14
15
3
14
29
10
35
10
23
34
2
16
14
7
33
13
27
6
12
36
14
16
12
26
19
22
1
5
28
31
19
