10
13
33
17
23
2
34
35
22
12
17
2
25
7
30
32
23
16
33
0
17
31
32
4
5
13
29
3
13
18
2
25
33
14
20
12
17
8
0
3
9
28
16
24
4
12
2
3
3
15
1
28
27
14
13
16
28
26
11
6
7
32
23
8
13
36
33
14
31
6
34
35
17
31
27
19
36
25
7
29
4
21
24
2
9
14
4
23
6
32
11
1
19
3
31
30
28
1
2
12
16
5
23
11
8
25
33
24
5
11
5
7
21
6
28
9
18
24
19
16
5
12
14
17
22
12
0
31
2
25
20
19
34
22
18
15
10
30
32
20
36
31
1
14
3
20
10
2
32
26
34
3
20
27
4
32
25
33
11
12
15
19
33
13
8
25
10
11
4
3
19
29
3
24
19
34
7
35
5
5
12
33
15
4
27
10
3
22
35
13
16
4
12
10
31
1
34
9
23
2
7
3
8
11
35
9
28
25
35
24
9
35
32
7
4
34
23
9
7
20
19
26
22
35
4
15
26
27
27
26
27
33
14
7
17
33
1
2
29
