35
35
4
9
2
30
22
33
9
1
8
31
30
8
28
0
15
34
23
33
8
9
14
17
9
27
4
30
14
29
19
28
23
26
22
17
15
10
8
14
34
5
24
19
0
32
0
17
17
35
7
35
4
20
23
34
9
15
24
32
12
34
5
13
7
33
5
26
12
7
7
8
24
14
12
17
18
2
10
32
20
11
18
29
14
7
23
21
32
22
11
25
31
3
25
5
18
20
23
31
0
2
0
31
31
19
7
32
1
36
32
17
5
14
13
4
10
12
3
4
22
6
16
0
32
19
29
25
14
13
33
6
36
36
8
9
5
17
20
24
3
15
2
22
17
5
13
7
12
2
34
4
20
6
0
36
25
36
13
19
12
7
33
12
12
33
10
13
14
36
29
28
10
17
8
29
32
11
26
29
25
36
26
12
34
5
36
28
15
6
16
13
12
31
24
25
5
18
