2
21
36
4
33
6
36
17
0
36
23
12
17
27
3
33
9
19
6
28
4
8
2
27
26
28
8
8
10
17
22
4
3
33
17
8
11
19
28
18
21
11
34
26
28
26
25
25
34
25
15
30
9
35
23
18
28
33
23
21
21
32
36
17
30
19
11
23
7
22
27
35
7
12
26
8
18
36
33
16
21
21
23
17
12
1
14
2
7
22
34
5
22
3
30
13
2
24
24
32
10
5
16
18
9
7
28
33
27
36
5
1
13
27
32
19
34
3
12
18
26
12
19
22
34
34
36
6
22
1
17
18
4
4
21
19
16
19
35
27
18
10
16
21
9
29
12
8
0
10
23
31
2
18
26
34
15
7
1
35
33
13
30
10
24
14
24
5
18
7
34
8
28
7
7
0
26
16
4
35
12
20
11
5
35
25
27
20
9
14
27
19
15
30
31
35
26
20
26
17
28
19
14
15
28
8
20
21
35
32
33
11
26
4
11
35
31
36
34
18
4
8
31
31
1
24
32
35
21
