20
20
3
15
7
29
29
8
19
11
6
8
9
16
12
7
36
29
7
16
14
4
27
20
0
36
7
29
34
1
10
35
6
16
32
29
8
15
14
9
0
18
28
25
27
11
9
18
10
15
22
4
33
29
9
31
21
10
8
1
16
8
35
0
34
5
15
36
6
26
35
25
6
9
23
17
13
6
31
11
28
6
23
9
35
34
1
0
17
17
0
27
1
0
21
17
30
7
36
3
24
23
16
2
25
33
29
19
22
36
1
33
36
35
27
11
7
31
11
35
25
28
9
17
21
26
23
16
5
34
3
19
35
10
1
32
33
27
3
3
1
35
6
29
29
12
23
3
21
25
15
1
2
10
18
6
27
32
7
1
5
36
8
34
31
23
9
18
8
35
0
7
9
10
29
14
16
24
13
20
27
8
21
28
4
11
11
22
30
26
23
36
11
0
7
12
27
0
17
8
10
24
18
20
