25
17
28
36
36
15
6
32
24
1
28
1
27
11
5
14
20
22
3
24
0
13
22
33
8
7
32
22
30
26
29
10
33
36
23
0
29
2
21
24
3
19
4
18
11
7
5
22
10
0
13
1
0
32
25
19
22
23
31
22
10
29
14
33
36
13
17
30
7
30
25
28
22
18
14
32
15
19
6
5
5
34
9
32
3
20
0
14
13
21
15
26
9
13
22
36
11
10
23
11
5
22
22
19
27
2
25
19
11
4
7
11
21
24
16
35
28
24
25
26
8
21
17
30
24
32
24
2
15
21
19
33
36
24
32
20
12
8
19
20
10
3
16
14
34
23
28
30
12
35
18
0
5
16
36
10
18
6
13
32
22
14
34
2
5
7
24
15
17
5
14
2
24
6
15
5
33
25
5
5
35
27
14
2
12
20
25
31
14
13
27
8
28
35
35
13
0
23
28
33
9
20
10
17
36
1
33
4
0
13
26
22
27
22
27
14
33
32
2
25
18
19
34
31
21
25
25
16
27
18
24
24
27
11
