29
34
6
36
8
19
24
18
33
23
10
4
32
3
22
27
31
3
19
29
19
35
31
15
16
23
8
27
29
28
26
22
15
2
12
24
10
24
0
34
21
3
25
11
0
21
36
36
29
8
25
3
17
26
33
3
13
13
8
7
2
25
36
15
5
6
19
36
19
22
16
7
16
19
25
16
25
12
21
9
7
9
5
33
7
25
21
2
11
18
14
13
13
33
15
8
22
27
29
30
6
18
10
17
2
21
13
14
35
18
31
31
8
3
1
5
13
32
7
22
12
13
15
2
34
2
25
1
25
13
20
3
19
8
33
1
11
20
26
31
0
8
33
31
9
4
14
25
30
15
21
28
19
35
1
22
30
3
3
18
27
7
11
1
18
15
21
0
34
16
21
24
30
4
36
6
18
18
11
3
11
11
7
16
11
15
24
5
32
6
8
22
32
8
27
23
