24
33
26
21
21
14
7
0
17
2
16
29
10
18
2
25
3
24
4
25
33
1
11
19
20
33
31
8
25
6
16
34
21
36
3
11
14
0
36
11
1
4
16
36
13
23
23
25
12
9
25
18
4
16
29
5
36
10
15
1
17
33
35
10
18
23
16
29
36
22
6
26
1
35
19
0
1
10
4
24
35
24
27
18
29
19
4
11
30
14
0
6
28
1
26
14
23
14
31
8
21
21
36
11
8
35
9
10
24
22
24
20
11
1
26
11
7
12
33
3
10
14
20
9
4
14
26
1
20
33
27
19
8
13
25
14
1
9
30
1
30
35
14
15
15
1
27
30
18
27
7
5
12
24
30
5
12
27
27
3
6
4
33
1
35
13
32
5
29
0
19
1
11
13
13
19
14
15
17
2
26
8
12
8
0
14
28
13
12
34
10
8
16
12
15
12
21
33
8
20
