22
24
6
4
21
25
25
19
30
12
32
11
10
17
17
27
31
13
12
5
30
17
14
30
32
6
35
31
25
7
34
0
20
24
25
27
7
20
24
0
3
28
20
25
25
11
20
32
12
0
8
33
27
1
33
5
16
30
36
6
4
11
14
10
36
5
5
24
22
9
1
5
27
19
9
2
8
22
26
20
15
34
12
3
9
17
6
1
27
1
5
23
33
21
12
32
32
30
28
25
19
15
2
20
7
32
31
20
5
34
16
32
4
4
26
11
6
21
31
8
16
11
12
11
3
1
25
16
32
16
3
31
18
8
0
27
21
9
26
2
25
3
24
25
5
18
13
34
25
8
31
11
0
21
12
19
14
2
29
36
10
0
10
20
17
24
33
29
6
2
0
9
29
13
23
25
27
12
10
26
5
16
18
26
20
8
4
5
0
5
2
15
14
20
15
9
7
2
