22
1
3
0
0
28
17
29
22
24
32
10
30
29
2
5
31
9
17
2
31
21
18
17
6
3
13
15
29
17
36
27
15
6
6
36
3
4
10
33
22
31
33
18
16
6
32
26
0
31
18
27
16
8
10
8
19
29
17
28
2
18
35
0
16
29
34
2
14
22
14
29
30
24
13
3
2
27
33
20
9
2
5
8
11
6
36
5
25
31
11
17
6
5
36
4
28
10
16
7
28
24
32
35
14
27
33
18
13
24
18
26
2
2
23
25
22
3
35
28
10
29
21
6
0
26
28
29
29
25
5
10
1
18
0
20
21
25
9
31
6
16
30
29
14
18
31
2
36
33
27
20
2
16
11
18
25
16
4
28
11
5
17
19
17
23
12
25
3
19
14
12
15
8
29
28
7
1
28
31
33
11
16
2
9
33
21
31
6
8
29
8
34
10
26
29
