3
23
15
1
33
21
5
3
0
10
36
35
25
22
8
6
13
18
8
34
12
32
11
27
4
25
18
30
28
4
0
8
29
1
13
36
21
6
15
30
36
6
8
12
12
26
16
27
20
32
32
14
20
3
30
26
30
1
3
25
1
8
0
15
35
29
21
10
6
24
4
26
4
17
35
9
12
25
34
24
33
1
10
14
2
19
3
11
6
9
10
6
25
21
5
1
27
11
13
19
14
9
14
27
19
18
19
23
32
1
10
26
30
26
14
25
22
20
26
18
0
2
13
4
1
12
19
6
17
16
5
24
7
2
13
28
29
12
24
31
0
11
13
8
15
19
26
24
1
22
23
23
15
13
3
29
18
11
4
25
30
4
23
11
16
8
6
3
12
27
13
34
21
0
31
22
1
26
2
23
33
8
3
5
32
33
3
32
15
10
32
9
16
20
17
2
35
34
12
26
