13
19
35
1
36
24
4
8
2
14
1
19
34
4
1
27
18
23
31
15
29
7
36
34
13
29
5
11
30
27
4
25
1
3
6
6
9
5
31
26
29
4
34
7
10
34
11
4
16
23
6
35
22
25
27
24
19
14
34
35
22
1
27
36
5
22
22
12
16
16
7
20
18
33
6
28
6
17
24
18
17
15
10
10
28
11
12
14
1
31
27
7
29
24
7
6
11
8
22
19
17
5
33
30
19
26
2
18
19
23
36
6
1
24
33
18
8
20
4
31
9
31
23
21
33
17
19
31
32
33
10
35
7
13
25
3
30
21
28
36
26
20
14
20
30
10
18
3
19
20
31
1
10
32
11
16
29
15
3
35
26
10
27
20
12
8
10
10
25
11
23
18
30
32
26
3
17
13
17
12
1
17
8
35
20
0
27
23
2
30
27
0
4
6
21
2
35
