4
25
35
7
20
32
16
19
16
6
12
18
29
26
0
20
4
26
6
15
1
21
24
25
10
1
27
29
33
22
15
27
6
5
36
25
5
30
17
13
1
11
4
26
16
1
12
6
2
5
24
2
8
0
18
28
0
23
12
3
0
19
11
11
3
34
30
28
8
28
27
24
34
2
15
15
16
4
33
23
10
17
14
29
21
7
24
16
30
7
33
0
2
36
25
1
36
11
29
5
31
12
17
27
19
23
29
10
22
15
5
36
8
4
26
17
33
6
19
23
5
23
33
9
8
11
23
0
18
21
11
36
2
5
21
36
28
20
28
11
7
19
16
2
27
18
21
27
30
18
15
35
18
13
26
5
36
35
26
2
19
22
35
16
15
17
18
7
2
6
6
7
36
5
7
8
3
10
32
24
31
14
2
2
4
10
13
13
12
13
9
22
8
7
26
8
15
6
19
