30
25
22
5
33
23
15
26
5
27
31
13
17
10
14
24
3
21
30
6
2
29
10
33
20
22
24
5
34
23
18
6
22
35
30
8
21
14
19
4
22
16
27
33
31
5
34
15
17
6
28
32
19
21
31
0
31
3
15
20
9
18
13
16
32
12
16
2
30
8
2
28
21
21
15
19
34
18
11
29
18
18
10
4
33
7
21
3
11
33
15
0
23
2
35
36
33
7
5
16
5
29
27
0
33
14
21
14
19
10
4
13
4
13
18
22
10
4
34
21
10
9
26
3
27
3
18
33
24
13
32
11
23
9
15
6
1
33
7
10
25
9
35
23
9
19
18
29
24
10
25
27
13
24
36
10
35
28
26
19
22
23
32
28
5
10
3
27
12
25
26
16
36
19
17
33
18
24
18
13
36
1
18
12
11
20
34
6
13
4
29
16
6
19
4
31
14
9
2
