25
1
11
30
1
25
21
34
13
5
33
26
35
2
4
23
34
3
23
8
18
9
25
12
13
12
16
19
19
8
15
22
25
22
33
22
13
0
1
11
25
1
36
20
31
21
24
28
21
33
28
3
19
35
10
32
19
36
34
14
11
8
25
21
16
36
8
12
23
5
32
36
16
27
4
9
12
20
31
28
25
6
10
32
33
20
23
28
1
32
32
6
6
21
12
10
29
3
19
9
24
28
36
26
7
16
36
11
12
26
20
34
26
34
16
36
20
7
23
16
19
3
31
35
35
2
29
6
17
10
25
36
19
35
27
15
11
8
34
30
11
22
28
33
6
3
26
29
12
33
3
3
24
24
7
28
25
5
19
12
10
22
24
31
0
22
5
1
7
27
24
12
32
8
18
4
33
17
6
31
0
25
13
30
23
13
11
15
13
34
14
15
19
25
15
21
