17
36
8
9
28
24
8
1
13
25
31
3
20
10
22
2
32
16
18
30
16
21
24
2
25
1
26
14
15
35
0
25
13
0
12
6
16
19
2
30
4
35
20
11
14
36
20
23
25
35
13
24
0
14
29
4
11
19
34
26
0
29
25
0
21
10
12
4
18
31
3
14
32
23
18
30
8
25
28
1
33
17
33
21
15
32
24
21
4
32
28
30
31
10
1
35
6
35
36
26
3
0
5
4
27
4
36
26
27
3
22
10
23
24
29
31
13
24
31
36
22
22
30
15
15
28
33
3
20
5
33
6
22
27
2
30
33
23
24
16
16
21
10
18
26
7
24
1
4
12
22
17
36
1
27
27
19
35
25
8
29
2
10
14
5
35
13
13
3
23
35
3
27
30
15
31
11
1
27
5
25
20
13
16
17
32
31
12
25
9
32
24
2
30
20
20
16
8
