9
22
1
33
23
2
36
21
9
7
31
17
0
34
2
18
3
33
10
0
26
26
14
20
3
20
21
22
33
30
4
20
15
28
25
11
9
20
4
27
26
13
21
16
6
4
23
1
5
5
17
4
16
32
10
34
8
4
8
28
35
17
21
22
28
30
35
15
28
20
5
0
16
16
12
15
27
2
36
20
19
34
29
33
32
6
14
3
32
16
18
35
17
23
21
14
4
0
14
17
7
12
3
8
15
25
27
12
5
24
25
4
26
25
14
13
7
14
28
2
7
20
36
34
4
18
31
8
3
8
29
26
17
19
34
13
7
23
21
12
36
22
22
10
17
7
15
22
33
2
19
2
2
17
22
13
26
28
22
6
35
7
3
33
8
30
28
12
7
4
23
12
9
15
11
24
12
17
16
34
27
7
2
2
11
34
18
29
16
3
31
28
7
10
19
5
21
29
18
6
