32
33
0
33
14
19
18
10
8
11
21
20
10
22
18
5
21
32
19
5
31
14
5
33
22
11
31
16
28
8
0
18
31
29
9
13
35
20
1
12
35
3
33
30
5
0
20
15
13
24
6
19
9
26
3
26
26
27
8
21
16
22
9
32
34
6
7
14
10
31
34
9
15
1
24
25
12
23
12
3
32
1
20
32
24
14
20
3
17
36
27
29
3
13
26
36
30
35
30
36
15
9
25
10
28
11
10
11
3
29
22
2
4
6
29
24
19
12
18
22
14
25
23
0
10
2
35
33
31
20
7
14
23
32
36
1
18
7
10
14
6
6
21
8
23
13
29
35
14
0
7
24
33
17
36
30
5
12
3
7
26
9
11
3
6
20
36
33
26
18
31
21
32
9
28
6
18
26
27
34
8
35
31
25
20
3
11
14
36
35
26
33
28
34
32
36
32
25
7
13
29
34
5
22
13
24
5
0
22
27
15
21
36
25
35
10
12
8
8
27
21
32
20
28
22
16
11
10
6
8
17
10
7
34
0
29
35
26
8
27
18
9
13
36
16
33
3
23
