4
15
3
36
5
26
17
22
32
24
0
30
35
2
4
2
8
21
36
18
17
10
22
34
8
20
0
31
10
6
7
25
5
34
18
17
26
20
0
1
32
6
36
24
30
5
36
29
6
23
0
10
0
2
15
26
33
36
29
33
33
2
16
8
36
15
34
12
33
11
36
31
28
22
4
29
12
34
2
29
27
27
34
35
23
28
15
18
12
7
34
5
20
16
14
20
35
29
16
11
26
28
23
24
1
29
30
24
31
10
2
4
32
30
21
12
26
5
24
32
20
27
2
15
35
31
34
17
15
12
3
34
35
16
6
23
28
25
24
32
19
35
34
1
3
26
35
31
0
11
13
22
34
19
8
6
27
29
15
27
1
14
9
3
13
31
19
5
30
4
4
30
18
7
21
16
17
24
18
36
33
21
20
12
36
20
0
10
2
29
27
32
15
32
17
2
26
31
34
1
6
24
10
28
25
21
7
20
17
21
5
21
3
13
10
28
9
