5
31
13
18
8
29
14
11
19
34
18
14
31
21
26
6
15
24
16
32
23
26
1
26
25
19
30
35
28
3
4
13
8
0
27
10
20
18
2
36
25
22
17
29
11
15
4
21
35
5
7
5
34
14
23
24
17
22
3
16
8
13
16
9
28
36
8
22
3
32
12
12
9
3
25
31
28
26
4
24
19
15
17
19
1
9
6
10
10
1
24
36
8
27
2
32
24
0
11
22
29
8
23
27
9
34
36
9
17
4
34
22
9
28
25
32
32
21
27
28
17
16
22
9
3
30
15
15
26
33
4
24
19
2
35
21
29
1
24
34
32
33
16
35
2
22
20
23
15
21
7
16
0
19
31
35
1
35
6
26
2
22
19
32
25
15
22
35
32
30
33
7
12
36
7
16
0
12
19
16
16
18
18
20
1
27
7
17
0
6
2
24
0
30
16
14
23
