14
14
10
28
28
36
10
17
29
5
33
8
19
24
33
26
5
7
23
36
26
3
5
28
1
23
12
36
29
19
4
20
6
25
24
32
20
17
13
7
7
11
5
0
31
28
6
34
21
1
0
34
2
18
33
9
16
6
11
21
27
9
32
5
36
23
14
3
6
12
32
17
10
7
23
7
35
4
36
14
12
28
27
9
32
9
20
23
14
20
9
21
10
23
21
6
25
24
33
27
28
8
6
22
36
35
34
12
0
16
11
26
4
3
32
16
33
4
33
27
13
11
15
32
17
33
19
20
36
3
23
13
30
34
23
9
2
5
20
3
34
21
31
32
10
26
33
30
36
14
11
7
12
13
34
3
24
26
8
25
9
21
30
3
16
33
23
33
14
14
7
18
23
16
26
4
28
20
21
8
3
21
16
9
32
0
16
10
10
17
13
14
17
9
34
19
32
9
1
5
