17
9
26
18
22
24
30
18
19
31
15
10
7
24
30
21
18
23
7
11
28
1
5
22
20
1
8
13
14
19
35
25
27
3
0
29
36
3
30
35
16
20
8
30
20
20
33
27
13
13
17
15
16
23
7
14
35
32
13
4
8
23
29
27
15
14
21
5
16
16
29
23
19
9
30
19
36
18
22
22
8
25
12
16
15
11
35
31
5
21
24
30
13
19
15
13
25
6
25
32
24
31
22
10
35
8
26
15
10
24
36
24
33
10
13
34
23
18
9
7
2
27
7
19
23
19
36
31
13
8
31
22
30
2
34
33
16
6
26
34
4
4
3
9
17
5
29
18
12
5
20
27
18
21
18
1
16
24
0
10
21
8
23
24
25
9
8
29
33
28
33
5
2
17
7
11
11
19
9
18
12
10
0
26
26
11
16
5
34
16
36
11
3
18
28
15
2
6
4
33
