6
35
31
18
20
17
31
3
31
36
24
30
11
4
10
25
20
5
36
17
3
5
2
11
1
4
0
33
22
25
19
5
27
35
20
2
13
23
18
17
34
5
34
34
6
30
36
3
8
27
26
27
20
33
28
34
8
18
6
34
27
14
16
11
16
33
13
30
28
8
6
11
0
22
2
22
15
10
3
26
26
28
23
16
36
8
4
15
13
4
9
10
25
0
25
9
15
13
11
10
5
29
9
3
29
32
4
10
28
35
7
31
18
22
15
30
2
24
10
20
6
1
8
7
9
20
7
2
24
17
31
23
36
33
4
21
33
21
18
35
30
28
1
10
28
13
16
21
31
1
24
14
25
18
0
16
11
3
10
30
34
28
19
11
33
30
21
11
6
13
16
28
23
15
23
26
20
18
17
1
34
25
2
14
12
4
35
10
34
18
1
16
32
11
0
4
