25
23
25
1
36
28
6
13
32
15
35
1
8
17
26
18
32
7
22
17
30
14
5
21
9
31
31
12
7
31
6
8
36
22
31
8
5
1
8
0
28
12
24
33
24
25
20
36
6
30
13
35
33
27
27
8
31
10
8
32
5
24
22
23
35
5
8
12
13
18
34
1
14
17
15
11
2
24
28
7
10
30
17
2
4
1
12
11
14
31
9
12
23
34
24
32
16
19
4
23
32
5
11
26
6
0
17
28
18
6
21
23
5
8
36
29
35
3
9
4
30
29
0
26
14
19
8
25
19
9
35
29
24
30
30
12
22
3
35
19
7
1
10
24
23
14
14
23
2
1
7
23
32
20
35
34
27
24
17
33
8
10
19
24
13
22
24
10
23
23
8
13
7
24
15
0
0
24
18
11
8
6
29
31
4
35
18
5
2
22
15
33
30
9
18
31
25
