2
31
19
2
19
10
2
7
20
16
5
29
23
17
16
9
23
20
30
27
26
22
6
3
20
0
5
25
29
30
21
27
23
27
27
22
1
30
29
34
4
25
34
34
29
28
35
9
13
19
14
2
23
13
28
9
29
9
20
13
1
29
23
18
12
4
12
16
2
11
7
0
9
2
6
1
21
30
36
7
24
6
22
11
6
3
27
15
9
17
11
31
4
0
2
11
36
3
27
9
26
18
2
9
10
33
33
11
23
18
12
10
5
2
24
35
20
26
36
15
13
0
0
17
1
1
14
11
16
35
5
5
10
7
11
19
24
18
16
15
2
21
14
36
18
8
31
23
10
1
20
32
21
31
26
13
35
24
23
23
9
8
15
19
9
25
18
17
25
35
36
22
23
34
22
22
24
29
7
34
17
9
30
3
6
36
8
26
10
10
7
10
21
3
9
24
12
27
30
15
14
31
0
