32
32
36
16
10
10
6
31
12
10
27
10
36
28
20
20
28
16
34
10
32
0
31
20
27
10
14
24
28
4
36
5
33
4
29
27
27
3
28
26
24
8
36
18
1
30
11
20
27
2
18
0
19
22
5
0
18
24
4
33
31
13
30
23
4
22
13
2
16
11
14
17
23
6
31
0
5
36
21
19
5
27
3
34
23
32
28
15
36
36
13
30
21
5
7
29
31
23
32
8
30
22
21
20
5
14
29
29
10
22
26
8
3
34
21
27
28
8
4
24
24
17
30
24
28
15
6
27
20
2
33
33
9
35
7
8
24
5
35
26
4
34
18
15
26
28
1
6
25
24
15
29
4
22
19
26
8
10
23
34
3
4
1
3
31
20
19
3
8
29
15
28
1
1
28
26
14
34
19
9
20
10
28
36
4
28
2
29
30
28
4
24
34
28
19
16
28
25
