27
24
3
12
23
14
6
3
12
33
15
3
25
34
13
1
35
9
12
25
5
28
32
20
30
23
26
11
6
2
18
31
16
27
36
15
16
20
36
26
19
13
24
34
5
4
24
6
35
26
24
13
10
5
17
0
31
33
33
27
2
12
30
9
6
34
18
7
1
3
28
35
33
34
23
28
26
19
3
9
24
3
7
24
25
12
25
27
23
19
11
4
3
1
23
31
7
33
31
5
18
6
9
4
4
23
10
35
14
1
19
14
18
12
12
33
6
29
14
17
19
6
26
7
13
12
23
30
20
30
35
13
16
32
28
26
32
0
19
20
22
27
15
20
20
4
36
21
27
27
33
30
5
1
14
27
16
13
20
27
15
2
35
16
15
1
29
8
34
12
32
11
23
23
19
17
26
28
4
0
12
23
17
1
16
24
34
27
15
32
33
36
1
26
12
31
19
32
13
6
