2
20
33
2
3
18
7
35
27
21
30
24
26
8
4
5
34
0
29
0
1
7
34
36
26
31
12
32
18
27
32
25
24
9
0
27
26
25
9
33
26
30
2
30
21
21
25
1
13
4
12
36
36
11
4
14
0
1
8
28
10
13
26
2
4
15
4
24
30
33
24
16
30
29
16
10
19
11
26
8
6
4
2
14
32
22
13
19
14
8
31
0
5
23
1
4
16
8
14
12
11
12
22
27
35
19
5
11
2
6
30
27
0
8
32
17
34
24
29
17
9
25
24
1
29
15
8
10
31
29
20
9
12
33
29
19
6
22
20
8
7
32
22
19
19
33
20
11
35
26
15
22
15
26
8
1
17
35
15
34
25
2
16
30
2
15
16
11
15
5
12
6
30
27
2
28
36
22
33
10
19
36
15
22
26
28
10
12
24
6
11
12
11
14
13
9
2
30
