25
10
32
24
7
5
36
14
4
31
5
2
16
13
23
32
2
29
13
35
26
2
31
33
14
20
17
35
13
18
18
36
32
13
5
31
32
7
27
4
30
14
21
18
23
13
34
23
13
2
32
15
17
25
36
29
1
5
4
14
12
17
2
14
18
13
29
3
26
24
14
23
2
13
16
31
30
12
34
7
18
15
7
15
6
27
0
0
13
29
16
12
34
24
11
9
4
21
22
26
15
35
33
35
20
32
24
31
31
22
3
27
27
8
32
4
15
8
3
24
27
5
34
4
6
3
2
8
13
15
12
16
11
35
12
17
14
14
19
30
31
17
16
33
8
3
19
31
26
4
16
35
16
6
11
2
17
22
13
20
31
7
17
2
4
10
1
34
2
11
9
12
9
24
11
9
32
28
13
10
22
35
7
31
20
10
15
1
28
30
0
26
14
1
26
3
12
