11
8
34
13
27
35
22
27
28
16
17
11
34
33
7
29
6
1
28
29
15
0
22
11
36
35
1
30
31
16
20
2
7
30
24
19
1
36
33
31
8
13
17
26
36
28
22
19
18
33
17
25
3
34
36
22
29
7
36
10
20
26
7
9
31
13
24
6
19
31
9
7
26
12
5
29
19
7
34
8
18
6
11
26
25
25
23
25
21
16
9
14
23
30
33
11
23
23
34
33
13
28
33
19
13
18
5
8
9
26
22
10
7
25
4
33
11
5
32
2
8
24
36
7
17
19
28
34
5
35
21
19
19
20
7
27
30
19
26
27
36
11
3
32
19
23
33
16
8
30
36
15
18
26
21
8
11
1
21
2
10
31
3
25
10
6
20
22
15
26
10
15
29
18
36
22
8
20
10
35
3
36
20
25
35
17
10
15
4
13
35
8
1
34
11
5
11
20
