32
30
32
25
34
3
8
22
20
3
18
27
3
33
18
9
23
4
36
32
32
32
22
35
13
28
33
23
1
25
30
0
26
3
14
17
13
28
5
22
18
16
10
9
34
11
5
15
1
23
1
10
3
25
35
8
2
36
2
21
7
1
7
27
33
27
5
10
4
3
17
3
2
27
11
16
2
36
6
19
24
22
33
5
9
28
2
23
13
35
11
33
3
5
15
13
21
19
21
9
7
31
33
25
6
24
27
15
35
4
14
16
31
3
31
16
7
7
35
24
17
2
19
29
11
14
35
1
4
17
16
27
3
24
24
7
16
1
23
3
32
34
16
31
17
20
9
1
29
1
32
32
5
1
15
23
33
22
14
35
13
34
16
26
3
27
30
4
23
27
13
28
33
4
0
28
15
20
27
22
5
36
32
32
26
1
13
12
3
19
16
13
1
19
4
8
24
14
20
12
33
