1
17
14
9
13
30
13
18
35
12
9
7
29
16
3
11
28
34
21
15
27
12
30
11
27
23
36
24
16
21
15
6
36
24
31
36
5
36
36
35
12
15
28
8
25
18
23
20
11
5
28
36
33
32
11
29
4
0
34
24
18
30
32
31
29
19
18
3
15
32
19
13
8
33
31
26
29
28
12
26
36
21
31
0
36
34
25
17
36
21
11
11
16
24
12
14
13
16
36
36
25
5
21
30
13
26
3
16
7
33
21
28
20
18
19
9
9
24
12
32
11
6
0
1
28
18
18
26
32
18
20
5
31
6
21
23
19
26
8
26
35
34
35
10
6
5
0
7
3
23
10
10
31
17
18
27
29
14
31
36
20
24
16
19
13
29
10
0
8
27
8
28
5
2
30
24
30
26
26
12
29
35
19
14
9
14
10
18
17
26
18
18
32
19
36
33
25
8
32
31
29
