10
7
2
1
31
7
6
27
20
16
33
4
3
10
22
27
6
16
14
12
10
8
31
27
17
7
31
28
22
22
30
31
15
29
3
28
27
8
1
2
9
23
24
1
13
23
30
13
1
7
10
24
2
19
29
7
17
8
34
27
7
14
27
0
16
18
14
28
14
34
15
32
23
22
29
8
5
7
6
11
6
26
1
17
34
34
14
16
18
19
22
33
14
25
29
31
6
25
11
17
0
1
21
30
7
7
5
2
19
13
36
13
16
32
25
33
0
21
4
2
23
9
32
0
26
35
24
9
33
33
17
13
5
0
27
28
36
12
6
7
31
20
36
11
36
6
24
29
36
3
14
23
31
32
32
7
13
36
8
11
4
16
10
2
10
6
2
18
31
16
28
28
1
17
26
22
7
27
21
16
3
9
8
28
27
7
18
12
36
31
29
4
35
29
21
29
