10
15
9
6
1
30
12
35
29
18
20
4
6
12
34
10
13
21
17
25
22
1
31
18
22
25
21
26
7
7
16
13
30
29
5
16
31
13
5
11
34
25
24
18
34
35
32
0
34
15
32
17
13
36
15
6
31
13
4
34
9
6
36
27
19
15
17
29
19
23
2
7
36
11
21
27
36
13
2
12
24
9
32
12
12
26
35
8
35
29
10
18
25
8
0
32
16
13
17
31
24
36
10
32
20
10
4
27
13
7
8
33
17
33
6
34
35
34
11
32
12
31
5
16
23
16
24
2
28
14
22
8
19
14
8
4
22
9
5
14
2
30
14
33
15
28
5
34
34
24
5
33
28
27
29
26
0
29
0
17
25
19
10
23
6
15
28
30
20
31
7
28
12
34
15
2
21
21
14
1
14
2
1
33
34
32
20
23
26
28
27
11
10
15
27
0
15
