30
34
22
32
11
7
19
30
28
15
16
20
1
15
21
19
28
10
24
5
32
33
7
29
26
22
16
14
27
7
17
23
4
35
22
6
20
18
25
23
31
28
35
5
11
0
25
10
28
6
10
14
30
7
17
30
27
0
18
31
35
24
25
5
28
15
6
31
4
34
14
24
6
17
16
28
0
9
22
30
3
5
3
8
3
17
6
7
35
36
9
15
2
29
8
7
4
1
28
25
5
1
30
22
14
3
20
13
7
14
18
36
26
28
36
22
5
30
10
9
33
4
1
30
7
11
33
13
34
7
36
6
18
26
35
1
29
30
31
11
35
31
28
32
32
34
29
16
8
12
8
19
1
15
15
34
36
1
7
34
14
29
33
21
14
32
11
5
3
19
18
17
25
7
32
27
29
35
22
7
22
3
13
23
4
29
3
20
6
25
19
23
4
8
11
3
24
15
32
30
