33
17
18
7
26
23
21
32
7
19
6
9
6
29
36
30
21
34
36
10
10
9
9
26
6
29
34
19
31
9
35
20
14
30
25
24
15
9
16
20
19
23
5
17
33
20
27
19
25
3
35
20
36
12
4
14
4
17
8
3
2
13
23
26
4
23
2
26
27
30
22
8
33
12
12
33
20
24
31
23
9
32
32
36
6
8
9
18
0
7
28
3
28
10
10
1
27
1
1
21
19
18
10
3
28
15
29
34
5
12
11
8
25
3
22
14
12
30
10
24
25
27
29
17
22
13
7
7
25
35
31
0
15
6
23
31
29
4
35
35
26
13
25
17
34
21
36
27
16
6
34
12
32
36
12
28
0
21
32
1
9
1
34
12
36
28
31
13
15
13
25
16
26
1
29
2
11
9
33
13
26
28
33
8
31
2
16
17
9
30
5
32
17
32
33
29
12
32
3
