6
25
21
22
14
31
13
7
31
18
19
13
26
16
23
22
10
14
20
6
9
12
24
6
29
21
27
26
5
32
29
30
9
21
31
5
36
4
30
14
35
10
17
30
23
19
17
23
15
25
11
6
25
32
8
33
29
5
36
9
20
15
16
9
22
8
22
26
34
29
11
13
22
21
11
17
4
24
6
35
16
7
19
8
23
13
25
35
15
34
27
26
0
24
7
24
32
11
26
30
24
9
19
29
36
33
26
31
3
3
26
14
28
32
36
30
27
4
20
22
21
3
35
32
6
15
10
13
36
0
24
19
32
4
26
33
24
0
23
21
22
36
15
6
11
36
29
6
12
16
33
2
3
20
0
18
21
0
15
19
3
15
15
18
29
7
27
30
25
7
21
27
29
30
14
30
9
30
8
22
15
29
12
23
17
31
22
34
35
11
20
13
9
33
27
20
17
27
13
