31
25
0
27
21
20
31
35
14
31
31
1
32
17
12
9
3
10
35
28
21
32
26
15
30
19
31
4
32
12
32
15
30
36
3
34
12
16
28
22
17
16
16
32
4
0
12
1
1
2
15
9
7
26
4
13
4
26
33
10
5
21
4
20
17
33
15
36
19
22
10
3
20
14
26
4
31
14
2
18
17
10
30
6
33
16
32
5
11
8
24
21
8
1
15
17
33
26
27
16
22
32
9
4
10
32
5
18
35
30
16
6
13
21
26
8
22
14
0
6
10
33
27
20
1
6
27
1
4
19
1
31
8
14
21
8
19
35
0
12
21
4
19
28
28
24
22
2
8
29
0
5
27
20
14
4
7
3
13
1
31
8
35
6
19
31
6
16
31
31
17
32
28
21
29
2
29
9
28
23
34
30
7
24
29
11
30
16
1
8
29
31
29
12
25
19
7
25
21
36
2
11
