10
19
35
5
31
26
27
2
34
18
21
15
27
34
1
9
29
26
27
15
16
19
3
34
3
1
3
3
7
19
1
17
5
22
31
28
28
9
8
3
7
26
2
20
3
5
16
33
0
21
31
6
30
8
10
1
32
12
33
6
13
4
12
20
7
16
8
22
9
6
24
36
34
26
2
20
35
11
5
11
35
14
34
28
18
20
1
33
17
23
1
28
0
18
24
4
11
35
24
1
21
24
6
23
23
18
9
23
4
2
6
7
13
19
21
8
5
32
18
13
8
29
23
13
17
4
6
30
19
36
25
26
30
7
2
4
31
23
20
36
6
24
10
9
23
0
27
4
34
34
23
4
28
24
11
14
26
19
30
18
20
35
29
7
18
9
15
11
21
3
28
27
9
33
12
0
3
17
3
16
11
28
35
3
2
16
22
8
7
12
27
18
4
14
27
17
20
31
0
35
1
30
15
