25
1
11
6
19
11
6
12
28
5
21
18
0
33
15
0
19
30
26
25
13
36
29
5
20
5
20
1
15
3
12
11
34
12
11
17
8
20
2
15
6
8
13
4
20
14
28
30
3
4
14
32
29
8
31
25
22
12
27
3
29
28
2
13
27
17
17
11
9
8
22
18
23
10
27
15
1
15
14
15
18
36
23
1
32
19
26
23
17
13
29
11
5
27
10
11
13
5
5
2
32
1
11
1
36
33
12
34
19
15
9
36
9
35
24
5
8
0
19
25
19
29
5
17
21
36
22
30
7
25
13
34
27
16
13
17
23
27
25
31
28
20
27
33
1
30
32
24
21
13
14
6
31
35
19
12
6
8
29
1
15
19
7
32
18
13
5
3
11
7
14
0
28
19
11
14
35
29
19
34
6
9
2
35
25
15
14
28
16
0
23
28
36
23
18
14
34
16
24
1
1
16
