0
7
12
33
1
21
28
5
35
4
36
21
6
11
14
1
34
33
15
17
5
16
17
18
23
1
18
11
5
16
19
0
22
6
17
29
7
7
16
15
6
5
14
8
12
34
21
7
19
0
12
12
34
2
21
33
25
36
11
20
12
14
35
31
22
2
2
28
1
29
29
9
13
32
19
8
28
18
31
7
21
14
26
13
27
21
3
14
19
6
19
10
25
10
31
2
16
12
11
29
12
34
24
33
30
28
25
33
6
18
5
25
33
22
17
3
29
16
19
33
15
7
14
13
24
26
26
24
19
26
26
15
11
25
35
14
17
0
15
36
29
0
33
24
1
32
3
14
30
18
10
13
9
10
25
15
11
2
25
0
21
3
9
11
22
33
35
24
12
27
11
1
19
17
2
29
6
0
25
16
22
19
4
5
16
21
5
23
16
1
17
13
3
0
1
0
23
33
