8
31
17
21
34
31
33
8
12
24
18
8
14
3
14
1
4
31
33
24
3
34
9
4
1
29
27
16
22
12
13
32
6
27
3
13
14
3
34
19
24
10
24
11
9
32
22
6
5
10
2
19
4
6
11
23
16
3
14
27
27
28
2
0
23
11
3
8
16
15
0
20
26
2
32
9
20
30
23
27
17
24
6
30
25
14
22
4
18
21
6
30
0
1
27
4
22
0
8
36
15
21
32
6
22
21
26
26
30
15
23
23
4
4
8
8
5
3
34
20
11
9
16
5
28
32
22
21
22
3
33
13
27
12
1
24
35
33
4
2
31
28
8
3
30
13
12
7
25
29
14
10
9
29
24
33
1
5
1
14
13
11
9
18
32
30
26
23
34
36
32
13
28
20
19
36
33
33
17
16
15
24
6
17
23
27
22
25
6
10
18
23
6
29
31
24
21
