32
19
17
11
16
20
13
11
1
22
8
3
5
11
22
1
14
35
34
11
15
36
6
21
2
17
9
15
34
35
13
1
30
5
32
29
9
10
15
7
0
16
12
11
7
14
22
20
32
1
24
17
5
1
30
35
18
18
35
30
11
33
13
6
21
20
13
22
33
5
28
35
27
19
0
13
12
21
9
9
5
9
15
22
15
9
6
36
30
22
34
25
16
35
30
12
31
15
27
15
34
18
14
22
11
36
35
7
8
26
8
16
31
29
16
32
5
19
0
14
3
35
36
27
32
4
33
25
4
15
8
5
6
6
30
4
20
18
12
6
12
19
36
20
30
8
18
33
15
10
31
26
5
12
16
34
7
3
33
36
3
9
5
27
33
28
30
25
10
32
27
35
7
9
3
5
32
14
31
3
14
11
2
5
5
15
29
19
16
12
1
29
30
27
26
9
21
32
9
13
8
2
