9
0
18
14
34
25
26
31
12
34
21
18
24
16
32
4
13
18
23
17
18
26
36
18
30
2
0
27
35
21
29
25
16
14
1
6
14
4
7
18
19
24
5
5
0
29
11
2
24
11
5
7
0
19
15
1
36
11
30
10
11
19
13
17
9
18
9
8
13
27
25
4
16
5
24
17
14
2
1
1
19
21
2
12
31
21
11
23
6
15
11
10
15
26
4
28
17
33
13
4
5
12
15
32
30
4
31
3
17
18
28
10
32
3
7
10
2
24
4
18
5
11
29
3
6
24
3
34
6
18
2
16
15
29
1
10
2
0
1
13
3
25
23
9
23
4
10
30
24
0
30
30
21
11
3
15
15
23
30
9
3
12
30
16
30
33
13
33
3
1
30
15
27
36
29
0
24
8
20
13
23
6
10
8
1
24
35
16
16
27
15
23
17
22
35
8
24
