8
9
10
25
31
33
30
34
9
26
21
5
6
19
15
11
30
11
31
32
30
5
25
32
31
25
23
19
33
27
20
14
11
21
32
25
6
21
28
11
9
10
28
19
16
16
7
19
13
29
21
26
24
14
1
10
29
25
1
35
16
17
19
25
26
22
26
0
15
25
23
31
5
6
25
34
11
12
2
25
0
26
17
24
25
22
27
23
14
13
18
31
28
25
34
15
35
24
27
5
4
25
6
30
24
23
31
10
32
5
32
17
1
36
8
3
14
22
13
4
26
32
7
14
30
33
21
20
24
8
6
24
3
33
22
16
19
19
29
22
5
29
7
23
14
34
14
26
20
11
11
34
31
2
34
16
6
19
14
12
11
28
33
25
12
25
28
11
25
35
20
32
27
15
12
33
2
8
7
23
34
17
19
25
8
31
13
6
3
20
27
4
8
10
13
13
11
36
5
