17
28
15
11
18
32
34
4
24
32
17
21
12
18
21
27
9
11
20
26
15
24
10
17
1
17
7
26
35
19
0
17
18
16
32
3
33
20
5
1
11
31
12
1
36
30
21
29
21
33
12
9
33
15
9
17
18
29
17
15
1
14
21
17
26
21
35
16
19
28
34
36
13
0
28
35
27
27
25
4
35
15
24
14
35
17
23
20
17
18
15
15
1
17
2
34
15
22
11
17
15
17
4
22
25
5
32
26
30
26
23
31
14
20
32
13
29
2
33
15
18
15
28
15
10
7
18
27
23
2
0
26
34
10
33
36
21
22
26
20
12
5
24
28
30
8
23
14
22
9
0
23
32
9
6
9
20
12
33
9
28
21
0
29
20
32
29
14
25
9
21
16
23
25
5
27
9
36
7
7
0
17
26
24
1
6
31
21
17
4
22
3
17
3
26
26
21
34
26
21
26
