12
11
33
8
25
33
5
35
23
28
22
12
33
18
35
30
27
30
21
15
2
16
16
14
2
20
27
25
23
20
11
35
30
25
0
27
2
18
18
34
12
22
17
12
7
36
32
1
0
36
10
6
2
3
17
4
27
8
11
1
33
34
15
0
1
30
25
7
8
4
31
11
10
32
25
12
7
27
29
31
33
28
9
1
24
22
21
8
25
17
3
2
8
8
24
15
28
17
28
7
30
36
1
25
11
29
29
5
6
8
36
14
10
35
3
25
16
7
0
29
14
14
35
16
34
30
13
11
23
0
9
24
24
23
34
30
10
3
35
33
12
13
3
1
35
2
22
32
4
23
0
1
34
12
24
19
5
27
8
16
21
30
9
28
12
0
27
32
14
30
10
6
2
20
20
27
14
34
18
15
11
3
34
7
0
14
23
3
33
19
26
21
27
31
0
9
30
0
8
24
16
33
