30
14
9
25
15
0
13
21
16
13
0
29
29
16
11
25
6
24
9
28
5
28
9
14
5
17
13
27
18
24
36
4
5
20
26
7
6
24
2
8
3
36
27
3
17
33
5
19
31
36
3
13
34
28
15
24
8
0
33
16
34
11
18
18
30
13
32
35
25
15
19
33
17
12
27
35
24
1
9
25
0
29
12
9
16
26
32
6
9
23
30
2
4
18
14
4
11
34
33
27
15
1
17
27
7
6
34
5
17
30
27
3
23
25
27
33
4
34
20
29
31
6
22
13
13
27
22
0
17
15
21
30
34
30
15
31
13
36
25
6
4
6
14
24
33
9
10
24
33
2
5
18
24
35
1
32
26
24
22
30
28
0
1
36
33
1
36
16
8
7
16
11
25
7
1
7
27
24
6
25
6
3
34
9
22
5
14
3
22
1
1
6
31
35
33
18
36
19
