1
8
19
34
1
27
20
0
11
26
2
6
18
12
29
35
34
27
26
5
31
6
27
12
1
34
12
5
35
15
18
2
3
27
30
29
5
12
0
5
14
8
8
34
15
16
16
13
7
6
17
24
36
18
12
29
24
7
25
16
16
19
6
34
29
13
7
4
32
22
1
29
15
23
17
29
9
30
10
14
0
21
5
20
15
14
22
7
3
23
3
27
33
8
6
4
17
21
7
36
26
5
33
23
31
10
19
20
19
14
31
9
7
11
16
5
36
34
16
8
8
8
6
12
35
22
24
26
25
30
10
4
35
32
21
23
6
4
31
34
25
3
18
13
8
26
31
36
21
2
14
10
1
16
4
9
25
13
33
9
19
28
8
8
31
12
27
5
7
8
8
36
31
15
26
5
8
13
7
0
33
22
20
1
17
25
13
3
25
19
7
5
11
4
14
32
22
27
