12
17
25
13
27
9
33
20
28
13
5
17
1
18
20
16
33
7
29
16
33
17
10
24
34
3
7
1
20
3
6
0
6
36
33
24
25
21
33
0
8
27
32
35
2
17
13
1
2
34
22
29
22
19
16
16
13
26
28
25
32
10
34
21
5
0
3
6
16
31
25
11
16
31
25
5
1
13
23
9
0
6
33
0
36
34
17
0
33
0
1
23
12
29
23
31
2
12
33
30
9
14
2
2
23
28
31
5
5
0
7
29
12
12
32
9
17
27
36
9
13
7
31
7
33
17
21
11
34
31
24
3
3
24
23
20
33
15
23
11
17
22
19
15
1
33
27
8
32
11
20
22
17
20
7
28
31
10
8
2
34
0
20
16
2
19
30
6
21
9
13
31
24
13
18
24
10
5
25
8
3
12
2
27
24
17
13
32
8
13
33
29
25
3
15
14
27
3
12
34
16
28
0
13
