21
3
32
21
1
2
30
5
12
31
18
35
33
25
4
28
35
27
23
21
28
28
6
9
17
35
13
8
1
9
33
14
19
7
8
35
28
5
13
0
19
31
32
19
24
27
0
24
27
16
19
31
16
29
36
18
2
0
33
26
13
17
30
32
7
11
0
14
28
23
34
16
29
7
36
15
27
5
36
3
21
35
30
22
21
12
22
4
31
11
23
15
7
20
30
13
10
22
19
36
26
6
21
26
3
15
16
35
30
35
31
31
36
2
13
10
2
14
8
23
24
25
22
6
13
29
36
22
6
32
29
23
34
2
31
22
11
0
15
33
22
35
13
16
33
19
11
34
15
17
17
19
13
11
33
2
15
18
31
12
24
1
2
30
8
1
31
26
21
10
35
26
26
20
15
23
9
0
13
34
32
25
11
1
14
17
0
33
31
0
1
23
32
25
28
20
32
36
23
31
27
15
