31
29
9
7
19
34
18
35
31
7
27
3
23
30
16
29
3
29
7
17
8
20
33
5
26
27
9
35
20
32
27
31
21
10
9
16
17
22
14
16
2
28
31
32
16
16
12
22
5
31
13
35
0
30
20
19
2
28
26
19
29
16
35
30
21
30
35
28
7
10
27
24
17
10
31
18
29
31
7
15
24
13
25
1
2
13
3
0
27
1
23
17
22
35
8
13
26
10
16
2
5
34
3
12
32
31
27
35
0
0
21
17
2
25
34
4
20
5
19
15
10
6
14
5
13
8
8
1
36
17
11
7
10
5
33
36
34
5
30
15
12
25
32
7
5
7
2
7
14
33
24
18
0
21
4
16
31
7
16
17
0
28
23
28
15
8
26
8
22
5
14
16
12
13
20
16
1
24
14
1
7
15
5
21
35
15
33
25
22
4
0
3
34
5
9
22
33
11
19
7
7
8
16
24
15
