7
16
25
15
4
2
10
28
24
17
2
25
12
24
12
3
2
21
26
18
8
21
35
25
13
19
18
19
6
1
32
35
32
9
12
22
28
15
31
13
12
17
0
8
17
26
34
29
12
27
2
12
10
17
27
23
27
21
12
29
10
12
24
23
36
4
5
3
13
28
10
13
24
30
5
26
11
5
31
34
15
36
22
26
3
23
11
32
28
20
27
15
21
1
27
1
31
14
35
5
14
9
25
0
11
3
33
5
13
28
9
23
36
5
4
12
28
24
31
24
10
27
19
32
16
8
9
6
16
13
9
30
14
26
26
33
25
22
30
22
6
21
2
31
13
3
13
29
32
14
29
13
28
1
22
2
2
4
19
10
25
10
10
4
10
22
25
20
1
17
18
27
34
12
23
5
12
31
30
11
23
28
22
21
18
21
19
3
28
19
21
22
30
17
4
9
26
26
12
16
21
