34
24
28
29
28
25
13
23
28
19
15
1
17
30
16
11
5
5
18
9
21
25
32
21
35
27
22
33
21
12
15
14
0
0
28
26
21
14
19
34
17
4
23
21
3
3
9
18
10
20
21
0
16
29
0
28
25
22
17
25
13
3
4
20
10
16
6
16
21
3
27
2
18
31
23
12
35
35
30
27
2
27
8
5
22
17
3
32
30
30
3
28
34
27
23
20
25
23
31
20
9
1
14
3
4
1
24
22
23
17
27
31
1
33
29
36
25
25
35
33
26
17
1
20
26
21
3
17
32
22
6
27
14
34
18
14
21
20
14
23
1
30
26
1
19
16
7
25
24
35
22
4
4
22
21
34
0
0
3
29
2
26
11
28
33
26
29
9
26
4
27
8
9
0
13
24
1
34
31
18
16
0
5
9
2
30
32
16
22
22
4
15
2
13
14
4
5
10
