19
28
35
9
1
33
22
9
8
29
29
19
8
6
0
0
3
5
0
26
11
8
5
28
13
5
20
24
15
20
24
22
30
21
17
33
32
4
20
31
7
2
20
14
36
32
0
6
34
9
10
10
31
23
28
8
25
29
18
21
6
12
28
1
13
13
30
23
31
28
34
32
34
11
30
22
34
36
1
15
32
0
6
33
21
20
30
21
12
8
18
25
5
30
14
29
9
11
18
18
34
18
21
14
6
1
0
33
34
35
24
14
32
32
13
4
7
29
3
22
7
4
1
27
13
13
18
0
22
10
27
17
9
3
30
26
30
23
33
11
26
24
7
1
21
12
6
21
24
15
19
36
18
23
24
19
4
21
20
28
35
32
5
7
15
8
21
6
2
13
8
12
15
2
26
20
32
33
31
6
1
10
4
36
13
26
13
13
0
26
36
24
26
3
26
18
3
25
14
