37
8
30
7
27
4
18
11
28
35
23
15
32
2
6
11
15
31
17
9
14
7
26
15
15
9
12
30
15
14
21
36
36
8
22
27
20
16
9
29
16
20
7
24
21
19
35
25
25
28
29
0
17
21
34
21
4
22
30
27
20
17
29
4
13
11
26
28
8
22
3
27
24
9
29
4
2
32
1
5
8
9
11
6
7
0
22
31
5
34
29
1
22
3
18
6
15
0
31
2
21
3
33
6
15
25
9
28
19
20
29
25
8
35
17
31
33
36
3
28
19
7
12
18
8
2
27
0
35
25
25
12
13
20
23
13
5
10
24
31
36
27
31
13
7
8
8
13
20
6
29
26
13
24
34
20
25
10
1
18
22
27
25
28
30
27
25
20
0
26
19
25
8
13
6
27
9
14
27
19
35
0
7
21
12
34
27
13
5
19
0
16
15
19
7
27
14
21
