37
16
28
0
3
7
6
1
29
24
25
10
26
10
20
14
21
5
9
6
26
34
36
3
17
19
17
28
25
36
1
10
0
24
33
20
6
9
5
25
10
17
15
26
14
27
10
15
24
15
2
11
5
9
36
25
2
4
18
30
29
23
20
21
15
0
17
17
24
14
15
26
18
0
25
4
17
35
6
8
25
30
31
22
36
27
22
23
12
6
0
25
13
10
14
12
11
17
34
13
1
20
21
33
19
13
28
36
1
28
33
10
28
36
4
24
19
16
19
6
23
6
21
29
4
21
22
26
28
12
32
11
36
26
9
6
19
15
17
19
22
22
8
31
23
13
13
10
21
13
11
34
24
16
22
6
13
23
17
12
16
29
31
6
20
30
32
11
27
34
24
28
15
28
25
2
16
3
24
20
16
13
2
30
10
3
5
11
35
9
8
14
24
17
13
32
30
32
28
33
